121.00 10.00 3.06
121.14 10.00 3.03
121.29 10.00 3.00
121.43 10.00 2.96
121.58 10.00 2.92
121.72 10.00 2.87
121.87 10.00 2.82
122.01 10.00 2.77
122.16 10.00 2.72
122.30 10.00 2.67
122.45 10.00 2.62
122.59 10.00 2.58
122.74 10.00 2.54
122.88 10.00 2.52
123.03 10.00 2.52
123.17 10.00 2.53
123.32 10.00 2.56
123.46 10.00 2.62
123.61 10.00 2.70
123.75 10.00 2.80
123.90 10.00 2.92
124.04 10.00 3.05
124.19 10.00 3.19
124.33 10.00 3.35
124.48 10.00 3.50
124.62 10.00 3.67
124.77 10.00 3.83
124.91 10.00 4.00
125.06 10.00 4.17
125.20 10.00 4.35
125.35 10.00 4.54
125.49 10.00 4.75
125.64 10.00 4.98
125.78 10.00 5.24
125.93 10.00 5.53
126.07 10.00 5.87
126.22 10.00 6.24
126.36 10.00 6.65
126.51 10.00 7.09
126.65 10.00 7.55
126.80 10.00 8.01
126.94 10.00 8.43
127.09 10.00 8.77
127.23 10.00 9.01
127.38 10.00 9.12
127.52 10.00 9.09
127.67 10.00 8.94
127.81 10.00 8.67
127.96 10.00 8.32
128.10 10.00 7.91
128.25 10.00 7.47
128.39 10.00 7.02
128.54 10.00 6.57
128.68 10.00 6.13
128.83 10.00 5.70
128.97 10.00 5.30
129.12 10.00 4.93
129.26 10.00 4.58
129.41 10.00 4.26
129.55 10.00 3.98
129.70 10.00 3.72
129.84 10.00 3.50
129.99 10.00 3.32
130.13 10.00 3.17
130.28 10.00 3.05
130.42 10.00 2.96
130.57 10.00 2.89
130.71 10.00 2.86
130.86 10.00 2.84
131.00 10.00 2.84

121.00 10.12 3.04
121.14 10.12 3.01
121.29 10.12 2.97
121.43 10.12 2.93
121.58 10.12 2.88
121.72 10.12 2.84
121.87 10.12 2.78
122.01 10.12 2.73
122.16 10.12 2.67
122.30 10.12 2.61
122.45 10.12 2.56
122.59 10.12 2.51
122.74 10.12 2.46
122.88 10.12 2.43
123.03 10.12 2.42
123.17 10.12 2.43
123.32 10.12 2.46
123.46 10.12 2.52
123.61 10.12 2.60
123.75 10.12 2.71
123.90 10.12 2.83
124.04 10.12 2.97
124.19 10.12 3.12
124.33 10.12 3.28
124.48 10.12 3.45
124.62 10.12 3.61
124.77 10.12 3.77
124.91 10.12 3.94
125.06 10.12 4.11
125.20 10.12 4.28
125.35 10.12 4.47
125.49 10.12 4.67
125.64 10.12 4.89
125.78 10.12 5.14
125.93 10.12 5.43
126.07 10.12 5.75
126.22 10.12 6.13
126.36 10.12 6.54
126.51 10.12 7.00
126.65 10.12 7.48
126.80 10.12 7.96
126.94 10.12 8.40
127.09 10.12 8.77
127.23 10.12 9.03
127.38 10.12 9.14
127.52 10.12 9.12
127.67 10.12 8.95
127.81 10.12 8.67
127.96 10.12 8.30
128.10 10.12 7.88
128.25 10.12 7.43
128.39 10.12 6.96
128.54 10.12 6.50
128.68 10.12 6.05
128.83 10.12 5.61
128.97 10.12 5.21
129.12 10.12 4.82
129.26 10.12 4.47
129.41 10.12 4.14
129.55 10.12 3.85
129.70 10.12 3.58
129.84 10.12 3.36
129.99 10.12 3.17
130.13 10.12 3.02
130.28 10.12 2.90
130.42 10.12 2.81
130.57 10.12 2.76
130.71 10.12 2.73
130.86 10.12 2.72
131.00 10.12 2.73

121.00 10.24 3.02
121.14 10.24 2.98
121.29 10.24 2.95
121.43 10.24 2.90
121.58 10.24 2.86
121.72 10.24 2.81
121.87 10.24 2.75
122.01 10.24 2.69
122.16 10.24 2.62
122.30 10.24 2.56
122.45 10.24 2.50
122.59 10.24 2.44
122.74 10.24 2.38
122.88 10.24 2.35
123.03 10.24 2.33
123.17 10.24 2.33
123.32 10.24 2.36
123.46 10.24 2.42
123.61 10.24 2.51
123.75 10.24 2.62
123.90 10.24 2.75
124.04 10.24 2.90
124.19 10.24 3.06
124.33 10.24 3.22
124.48 10.24 3.39
124.62 10.24 3.55
124.77 10.24 3.72
124.91 10.24 3.88
125.06 10.24 4.04
125.20 10.24 4.21
125.35 10.24 4.38
125.49 10.24 4.57
125.64 10.24 4.78
125.78 10.24 5.01
125.93 10.24 5.29
126.07 10.24 5.60
126.22 10.24 5.97
126.36 10.24 6.39
126.51 10.24 6.85
126.65 10.24 7.34
126.80 10.24 7.83
126.94 10.24 8.29
127.09 10.24 8.67
127.23 10.24 8.93
127.38 10.24 9.06
127.52 10.24 9.03
127.67 10.24 8.86
127.81 10.24 8.58
127.96 10.24 8.21
128.10 10.24 7.78
128.25 10.24 7.33
128.39 10.24 6.86
128.54 10.24 6.39
128.68 10.24 5.94
128.83 10.24 5.50
128.97 10.24 5.09
129.12 10.24 4.70
129.26 10.24 4.34
129.41 10.24 4.01
129.55 10.24 3.71
129.70 10.24 3.44
129.84 10.24 3.21
129.99 10.24 3.02
130.13 10.24 2.86
130.28 10.24 2.75
130.42 10.24 2.67
130.57 10.24 2.62
130.71 10.24 2.60
130.86 10.24 2.60
131.00 10.24 2.63

121.00 10.37 3.00
121.14 10.37 2.96
121.29 10.37 2.92
121.43 10.37 2.88
121.58 10.37 2.83
121.72 10.37 2.78
121.87 10.37 2.72
122.01 10.37 2.65
122.16 10.37 2.58
122.30 10.37 2.51
122.45 10.37 2.44
122.59 10.37 2.37
122.74 10.37 2.31
122.88 10.37 2.27
123.03 10.37 2.24
123.17 10.37 2.24
123.32 10.37 2.27
123.46 10.37 2.33
123.61 10.37 2.42
123.75 10.37 2.54
123.90 10.37 2.68
124.04 10.37 2.84
124.19 10.37 3.00
124.33 10.37 3.17
124.48 10.37 3.34
124.62 10.37 3.50
124.77 10.37 3.66
124.91 10.37 3.82
125.06 10.37 3.97
125.20 10.37 4.12
125.35 10.37 4.28
125.49 10.37 4.46
125.64 10.37 4.65
125.78 10.37 4.86
125.93 10.37 5.12
126.07 10.37 5.42
126.22 10.37 5.77
126.36 10.37 6.17
126.51 10.37 6.63
126.65 10.37 7.11
126.80 10.37 7.61
126.94 10.37 8.07
127.09 10.37 8.45
127.23 10.37 8.72
127.38 10.37 8.85
127.52 10.37 8.83
127.67 10.37 8.67
127.81 10.37 8.39
127.96 10.37 8.03
128.10 10.37 7.61
128.25 10.37 7.17
128.39 10.37 6.71
128.54 10.37 6.25
128.68 10.37 5.80
128.83 10.37 5.37
128.97 10.37 4.96
129.12 10.37 4.57
129.26 10.37 4.21
129.41 10.37 3.87
129.55 10.37 3.57
129.70 10.37 3.30
129.84 10.37 3.06
129.99 10.37 2.87
130.13 10.37 2.71
130.28 10.37 2.60
130.42 10.37 2.52
130.57 10.37 2.48
130.71 10.37 2.47
130.86 10.37 2.49
131.00 10.37 2.52

121.00 10.49 2.98
121.14 10.49 2.94
121.29 10.49 2.91
121.43 10.49 2.86
121.58 10.49 2.81
121.72 10.49 2.76
121.87 10.49 2.69
122.01 10.49 2.63
122.16 10.49 2.55
122.30 10.49 2.47
122.45 10.49 2.40
122.59 10.49 2.32
122.74 10.49 2.25
122.88 10.49 2.20
123.03 10.49 2.17
123.17 10.49 2.16
123.32 10.49 2.19
123.46 10.49 2.25
123.61 10.49 2.35
123.75 10.49 2.47
123.90 10.49 2.62
124.04 10.49 2.78
124.19 10.49 2.95
124.33 10.49 3.13
124.48 10.49 3.30
124.62 10.49 3.46
124.77 10.49 3.61
124.91 10.49 3.76
125.06 10.49 3.90
125.20 10.49 4.04
125.35 10.49 4.18
125.49 10.49 4.33
125.64 10.49 4.50
125.78 10.49 4.69
125.93 10.49 4.92
126.07 10.49 5.20
126.22 10.49 5.52
126.36 10.49 5.91
126.51 10.49 6.34
126.65 10.49 6.81
126.80 10.49 7.29
126.94 10.49 7.74
127.09 10.49 8.13
127.23 10.49 8.40
127.38 10.49 8.53
127.52 10.49 8.51
127.67 10.49 8.37
127.81 10.49 8.11
127.96 10.49 7.77
128.10 10.49 7.38
128.25 10.49 6.96
128.39 10.49 6.52
128.54 10.49 6.08
128.68 10.49 5.65
128.83 10.49 5.23
128.97 10.49 4.82
129.12 10.49 4.44
129.26 10.49 4.07
129.41 10.49 3.74
129.55 10.49 3.43
129.70 10.49 3.15
129.84 10.49 2.92
129.99 10.49 2.72
130.13 10.49 2.56
130.28 10.49 2.45
130.42 10.49 2.38
130.57 10.49 2.35
130.71 10.49 2.35
130.86 10.49 2.38
131.00 10.49 2.42

121.00 10.61 2.96
121.14 10.61 2.93
121.29 10.61 2.89
121.43 10.61 2.84
121.58 10.61 2.79
121.72 10.61 2.74
121.87 10.61 2.67
122.01 10.61 2.60
122.16 10.61 2.53
122.30 10.61 2.44
122.45 10.61 2.36
122.59 10.61 2.28
122.74 10.61 2.21
122.88 10.61 2.15
123.03 10.61 2.11
123.17 10.61 2.10
123.32 10.61 2.13
123.46 10.61 2.19
123.61 10.61 2.29
123.75 10.61 2.42
123.90 10.61 2.57
124.04 10.61 2.74
124.19 10.61 2.92
124.33 10.61 3.09
124.48 10.61 3.26
124.62 10.61 3.42
124.77 10.61 3.57
124.91 10.61 3.70
125.06 10.61 3.83
125.20 10.61 3.95
125.35 10.61 4.07
125.49 10.61 4.20
125.64 10.61 4.34
125.78 10.61 4.50
125.93 10.61 4.70
126.07 10.61 4.94
126.22 10.61 5.24
126.36 10.61 5.59
126.51 10.61 5.99
126.65 10.61 6.44
126.80 10.61 6.90
126.94 10.61 7.33
127.09 10.61 7.70
127.23 10.61 7.97
127.38 10.61 8.10
127.52 10.61 8.11
127.67 10.61 7.98
127.81 10.61 7.76
127.96 10.61 7.45
128.10 10.61 7.10
128.25 10.61 6.71
128.39 10.61 6.30
128.54 10.61 5.88
128.68 10.61 5.47
128.83 10.61 5.07
128.97 10.61 4.67
129.12 10.61 4.30
129.26 10.61 3.94
129.41 10.61 3.61
129.55 10.61 3.30
129.70 10.61 3.02
129.84 10.61 2.78
129.99 10.61 2.58
130.13 10.61 2.43
130.28 10.61 2.32
130.42 10.61 2.25
130.57 10.61 2.23
130.71 10.61 2.24
130.86 10.61 2.28
131.00 10.61 2.33

121.00 10.73 2.94
121.14 10.73 2.91
121.29 10.73 2.87
121.43 10.73 2.83
121.58 10.73 2.78
121.72 10.73 2.73
121.87 10.73 2.66
122.01 10.73 2.59
122.16 10.73 2.51
122.30 10.73 2.43
122.45 10.73 2.34
122.59 10.73 2.25
122.74 10.73 2.17
122.88 10.73 2.11
123.03 10.73 2.07
123.17 10.73 2.06
123.32 10.73 2.08
123.46 10.73 2.15
123.61 10.73 2.25
123.75 10.73 2.39
123.90 10.73 2.54
124.04 10.73 2.72
124.19 10.73 2.90
124.33 10.73 3.07
124.48 10.73 3.24
124.62 10.73 3.39
124.77 10.73 3.53
124.91 10.73 3.65
125.06 10.73 3.76
125.20 10.73 3.86
125.35 10.73 3.96
125.49 10.73 4.05
125.64 10.73 4.16
125.78 10.73 4.29
125.93 10.73 4.45
126.07 10.73 4.66
126.22 10.73 4.91
126.36 10.73 5.23
126.51 10.73 5.60
126.65 10.73 6.01
126.80 10.73 6.44
126.94 10.73 6.85
127.09 10.73 7.20
127.23 10.73 7.47
127.38 10.73 7.61
127.52 10.73 7.63
127.67 10.73 7.54
127.81 10.73 7.36
127.96 10.73 7.09
128.10 10.73 6.78
128.25 10.73 6.43
128.39 10.73 6.05
128.54 10.73 5.67
128.68 10.73 5.28
128.83 10.73 4.90
128.97 10.73 4.53
129.12 10.73 4.16
129.26 10.73 3.82
129.41 10.73 3.49
129.55 10.73 3.18
129.70 10.73 2.90
129.84 10.73 2.66
129.99 10.73 2.46
130.13 10.73 2.30
130.28 10.73 2.20
130.42 10.73 2.14
130.57 10.73 2.12
130.71 10.73 2.14
130.86 10.73 2.19
131.00 10.73 2.25

121.00 10.86 2.93
121.14 10.86 2.90
121.29 10.86 2.86
121.43 10.86 2.82
121.58 10.86 2.77
121.72 10.86 2.72
121.87 10.86 2.66
122.01 10.86 2.59
122.16 10.86 2.51
122.30 10.86 2.42
122.45 10.86 2.33
122.59 10.86 2.24
122.74 10.86 2.16
122.88 10.86 2.10
123.03 10.86 2.05
123.17 10.86 2.04
123.32 10.86 2.07
123.46 10.86 2.13
123.61 10.86 2.24
123.75 10.86 2.37
123.90 10.86 2.54
124.04 10.86 2.71
124.19 10.86 2.89
124.33 10.86 3.06
124.48 10.86 3.22
124.62 10.86 3.37
124.77 10.86 3.49
124.91 10.86 3.60
125.06 10.86 3.69
125.20 10.86 3.77
125.35 10.86 3.84
125.49 10.86 3.90
125.64 10.86 3.98
125.78 10.86 4.07
125.93 10.86 4.19
126.07 10.86 4.35
126.22 10.86 4.57
126.36 10.86 4.84
126.51 10.86 5.17
126.65 10.86 5.54
126.80 10.86 5.94
126.94 10.86 6.33
127.09 10.86 6.67
127.23 10.86 6.92
127.38 10.86 7.08
127.52 10.86 7.13
127.67 10.86 7.07
127.81 10.86 6.93
127.96 10.86 6.71
128.10 10.86 6.44
128.25 10.86 6.13
128.39 10.86 5.80
128.54 10.86 5.45
128.68 10.86 5.09
128.83 10.86 4.74
128.97 10.86 4.38
129.12 10.86 4.04
129.26 10.86 3.70
129.41 10.86 3.38
129.55 10.86 3.08
129.70 10.86 2.80
129.84 10.86 2.56
129.99 10.86 2.36
130.13 10.86 2.20
130.28 10.86 2.10
130.42 10.86 2.04
130.57 10.86 2.03
130.71 10.86 2.06
130.86 10.86 2.11
131.00 10.86 2.19

121.00 10.98 2.91
121.14 10.98 2.88
121.29 10.98 2.85
121.43 10.98 2.81
121.58 10.98 2.77
121.72 10.98 2.71
121.87 10.98 2.66
122.01 10.98 2.59
122.16 10.98 2.51
122.30 10.98 2.43
122.45 10.98 2.34
122.59 10.98 2.25
122.74 10.98 2.17
122.88 10.98 2.10
123.03 10.98 2.06
123.17 10.98 2.05
123.32 10.98 2.08
123.46 10.98 2.14
123.61 10.98 2.25
123.75 10.98 2.39
123.90 10.98 2.55
124.04 10.98 2.72
124.19 10.98 2.90
124.33 10.98 3.07
124.48 10.98 3.22
124.62 10.98 3.35
124.77 10.98 3.47
124.91 10.98 3.56
125.06 10.98 3.63
125.20 10.98 3.68
125.35 10.98 3.72
125.49 10.98 3.75
125.64 10.98 3.78
125.78 10.98 3.83
125.93 10.98 3.91
126.07 10.98 4.03
126.22 10.98 4.20
126.36 10.98 4.43
126.51 10.98 4.72
126.65 10.98 5.06
126.80 10.98 5.43
126.94 10.98 5.79
127.09 10.98 6.12
127.23 10.98 6.38
127.38 10.98 6.55
127.52 10.98 6.62
127.67 10.98 6.60
127.81 10.98 6.50
127.96 10.98 6.33
128.10 10.98 6.10
128.25 10.98 5.84
128.39 10.98 5.54
128.54 10.98 5.23
128.68 10.98 4.91
128.83 10.98 4.58
128.97 10.98 4.25
129.12 10.98 3.92
129.26 10.98 3.60
129.41 10.98 3.29
129.55 10.98 3.00
129.70 10.98 2.73
129.84 10.98 2.49
129.99 10.98 2.29
130.13 10.98 2.13
130.28 10.98 2.02
130.42 10.98 1.97
130.57 10.98 1.96
130.71 10.98 2.00
130.86 10.98 2.06
131.00 10.98 2.14

121.00 11.10 2.89
121.14 11.10 2.86
121.29 11.10 2.83
121.43 11.10 2.80
121.58 11.10 2.76
121.72 11.10 2.71
121.87 11.10 2.66
122.01 11.10 2.60
122.16 11.10 2.53
122.30 11.10 2.45
122.45 11.10 2.36
122.59 11.10 2.28
122.74 11.10 2.20
122.88 11.10 2.14
123.03 11.10 2.10
123.17 11.10 2.09
123.32 11.10 2.11
123.46 11.10 2.18
123.61 11.10 2.29
123.75 11.10 2.42
123.90 11.10 2.58
124.04 11.10 2.75
124.19 11.10 2.92
124.33 11.10 3.08
124.48 11.10 3.23
124.62 11.10 3.35
124.77 11.10 3.44
124.91 11.10 3.52
125.06 11.10 3.56
125.20 11.10 3.59
125.35 11.10 3.60
125.49 11.10 3.59
125.64 11.10 3.59
125.78 11.10 3.59
125.93 11.10 3.63
126.07 11.10 3.70
126.22 11.10 3.82
126.36 11.10 4.01
126.51 11.10 4.27
126.65 11.10 4.58
126.80 11.10 4.93
126.94 11.10 5.28
127.09 11.10 5.59
127.23 11.10 5.85
127.38 11.10 6.04
127.52 11.10 6.13
127.67 11.10 6.15
127.81 11.10 6.08
127.96 11.10 5.96
128.10 11.10 5.77
128.25 11.10 5.55
128.39 11.10 5.30
128.54 11.10 5.02
128.68 11.10 4.73
128.83 11.10 4.43
128.97 11.10 4.12
129.12 11.10 3.81
129.26 11.10 3.51
129.41 11.10 3.22
129.55 11.10 2.94
129.70 11.10 2.68
129.84 11.10 2.44
129.99 11.10 2.24
130.13 11.10 2.09
130.28 11.10 1.98
130.42 11.10 1.93
130.57 11.10 1.93
130.71 11.10 1.97
130.86 11.10 2.03
131.00 11.10 2.12

121.00 11.22 2.87
121.14 11.22 2.85
121.29 11.22 2.82
121.43 11.22 2.79
121.58 11.22 2.76
121.72 11.22 2.72
121.87 11.22 2.67
122.01 11.22 2.61
122.16 11.22 2.55
122.30 11.22 2.48
122.45 11.22 2.40
122.59 11.22 2.32
122.74 11.22 2.25
122.88 11.22 2.19
123.03 11.22 2.16
123.17 11.22 2.15
123.32 11.22 2.18
123.46 11.22 2.25
123.61 11.22 2.35
123.75 11.22 2.48
123.90 11.22 2.64
124.04 11.22 2.80
124.19 11.22 2.96
124.33 11.22 3.11
124.48 11.22 3.24
124.62 11.22 3.35
124.77 11.22 3.43
124.91 11.22 3.48
125.06 11.22 3.51
125.20 11.22 3.50
125.35 11.22 3.48
125.49 11.22 3.44
125.64 11.22 3.39
125.78 11.22 3.35
125.93 11.22 3.34
126.07 11.22 3.36
126.22 11.22 3.45
126.36 11.22 3.61
126.51 11.22 3.84
126.65 11.22 4.13
126.80 11.22 4.46
126.94 11.22 4.79
127.09 11.22 5.11
127.23 11.22 5.37
127.38 11.22 5.57
127.52 11.22 5.69
127.67 11.22 5.73
127.81 11.22 5.70
127.96 11.22 5.61
128.10 11.22 5.47
128.25 11.22 5.29
128.39 11.22 5.07
128.54 11.22 4.82
128.68 11.22 4.56
128.83 11.22 4.29
128.97 11.22 4.00
129.12 11.22 3.72
129.26 11.22 3.44
129.41 11.22 3.16
129.55 11.22 2.90
129.70 11.22 2.65
129.84 11.22 2.43
129.99 11.22 2.23
130.13 11.22 2.08
130.28 11.22 1.98
130.42 11.22 1.93
130.57 11.22 1.92
130.71 11.22 1.96
130.86 11.22 2.03
131.00 11.22 2.12

121.00 11.35 2.85
121.14 11.35 2.83
121.29 11.35 2.81
121.43 11.35 2.78
121.58 11.35 2.75
121.72 11.35 2.72
121.87 11.35 2.68
122.01 11.35 2.63
122.16 11.35 2.58
122.30 11.35 2.52
122.45 11.35 2.45
122.59 11.35 2.38
122.74 11.35 2.32
122.88 11.35 2.27
123.03 11.35 2.24
123.17 11.35 2.24
123.32 11.35 2.27
123.46 11.35 2.34
123.61 11.35 2.44
123.75 11.35 2.56
123.90 11.35 2.71
124.04 11.35 2.86
124.19 11.35 3.01
124.33 11.35 3.15
124.48 11.35 3.27
124.62 11.35 3.36
124.77 11.35 3.42
124.91 11.35 3.45
125.06 11.35 3.45
125.20 11.35 3.42
125.35 11.35 3.37
125.49 11.35 3.29
125.64 11.35 3.20
125.78 11.35 3.12
125.93 11.35 3.06
126.07 11.35 3.04
126.22 11.35 3.09
126.36 11.35 3.22
126.51 11.35 3.43
126.65 11.35 3.71
126.80 11.35 4.03
126.94 11.35 4.36
127.09 11.35 4.68
127.23 11.35 4.95
127.38 11.35 5.16
127.52 11.35 5.29
127.67 11.35 5.36
127.81 11.35 5.36
127.96 11.35 5.30
128.10 11.35 5.19
128.25 11.35 5.04
128.39 11.35 4.86
128.54 11.35 4.64
128.68 11.35 4.41
128.83 11.35 4.16
128.97 11.35 3.90
129.12 11.35 3.64
129.26 11.35 3.38
129.41 11.35 3.13
129.55 11.35 2.88
129.70 11.35 2.65
129.84 11.35 2.44
129.99 11.35 2.26
130.13 11.35 2.11
130.28 11.35 2.01
130.42 11.35 1.96
130.57 11.35 1.95
130.71 11.35 1.99
130.86 11.35 2.05
131.00 11.35 2.13

121.00 11.47 2.82
121.14 11.47 2.80
121.29 11.47 2.79
121.43 11.47 2.77
121.58 11.47 2.75
121.72 11.47 2.72
121.87 11.47 2.69
122.01 11.47 2.66
122.16 11.47 2.61
122.30 11.47 2.56
122.45 11.47 2.51
122.59 11.47 2.45
122.74 11.47 2.40
122.88 11.47 2.36
123.03 11.47 2.34
123.17 11.47 2.34
123.32 11.47 2.38
123.46 11.47 2.44
123.61 11.47 2.54
123.75 11.47 2.66
123.90 11.47 2.79
124.04 11.47 2.93
124.19 11.47 3.07
124.33 11.47 3.19
124.48 11.47 3.30
124.62 11.47 3.38
124.77 11.47 3.42
124.91 11.47 3.43
125.06 11.47 3.41
125.20 11.47 3.35
125.35 11.47 3.27
125.49 11.47 3.15
125.64 11.47 3.02
125.78 11.47 2.89
125.93 11.47 2.79
126.07 11.47 2.74
126.22 11.47 2.76
126.36 11.47 2.86
126.51 11.47 3.06
126.65 11.47 3.34
126.80 11.47 3.66
126.94 11.47 3.99
127.09 11.47 4.31
127.23 11.47 4.59
127.38 11.47 4.80
127.52 11.47 4.96
127.67 11.47 5.04
127.81 11.47 5.07
127.96 11.47 5.03
128.10 11.47 4.95
128.25 11.47 4.83
128.39 11.47 4.67
128.54 11.47 4.48
128.68 11.47 4.27
128.83 11.47 4.04
128.97 11.47 3.81
129.12 11.47 3.57
129.26 11.47 3.34
129.41 11.47 3.10
129.55 11.47 2.88
129.70 11.47 2.67
129.84 11.47 2.47
129.99 11.47 2.30
130.13 11.47 2.16
130.28 11.47 2.07
130.42 11.47 2.02
130.57 11.47 2.01
130.71 11.47 2.04
130.86 11.47 2.10
131.00 11.47 2.17

121.00 11.59 2.79
121.14 11.59 2.77
121.29 11.59 2.76
121.43 11.59 2.75
121.58 11.59 2.74
121.72 11.59 2.72
121.87 11.59 2.70
122.01 11.59 2.68
122.16 11.59 2.65
122.30 11.59 2.61
122.45 11.59 2.57
122.59 11.59 2.52
122.74 11.59 2.49
122.88 11.59 2.46
123.03 11.59 2.45
123.17 11.59 2.46
123.32 11.59 2.49
123.46 11.59 2.56
123.61 11.59 2.65
123.75 11.59 2.76
123.90 11.59 2.89
124.04 11.59 3.01
124.19 11.59 3.14
124.33 11.59 3.25
124.48 11.59 3.34
124.62 11.59 3.40
124.77 11.59 3.43
124.91 11.59 3.43
125.06 11.59 3.38
125.20 11.59 3.30
125.35 11.59 3.18
125.49 11.59 3.03
125.64 11.59 2.86
125.78 11.59 2.70
125.93 11.59 2.55
126.07 11.59 2.46
126.22 11.59 2.46
126.36 11.59 2.56
126.51 11.59 2.75
126.65 11.59 3.03
126.80 11.59 3.35
126.94 11.59 3.69
127.09 11.59 4.01
127.23 11.59 4.29
127.38 11.59 4.51
127.52 11.59 4.67
127.67 11.59 4.77
127.81 11.59 4.81
127.96 11.59 4.80
128.10 11.59 4.74
128.25 11.59 4.64
128.39 11.59 4.50
128.54 11.59 4.33
128.68 11.59 4.15
128.83 11.59 3.94
128.97 11.59 3.73
129.12 11.59 3.51
129.26 11.59 3.30
129.41 11.59 3.09
129.55 11.59 2.88
129.70 11.59 2.69
129.84 11.59 2.52
129.99 11.59 2.36
130.13 11.59 2.24
130.28 11.59 2.15
130.42 11.59 2.10
130.57 11.59 2.09
130.71 11.59 2.11
130.86 11.59 2.16
131.00 11.59 2.22

121.00 11.71 2.75
121.14 11.71 2.74
121.29 11.71 2.73
121.43 11.71 2.72
121.58 11.71 2.72
121.72 11.71 2.71
121.87 11.71 2.71
122.01 11.71 2.69
122.16 11.71 2.68
122.30 11.71 2.65
122.45 11.71 2.63
122.59 11.71 2.60
122.74 11.71 2.58
122.88 11.71 2.56
123.03 11.71 2.56
123.17 11.71 2.58
123.32 11.71 2.62
123.46 11.71 2.68
123.61 11.71 2.77
123.75 11.71 2.87
123.90 11.71 2.98
124.04 11.71 3.10
124.19 11.71 3.21
124.33 11.71 3.31
124.48 11.71 3.39
124.62 11.71 3.43
124.77 11.71 3.45
124.91 11.71 3.43
125.06 11.71 3.37
125.20 11.71 3.26
125.35 11.71 3.12
125.49 11.71 2.94
125.64 11.71 2.74
125.78 11.71 2.53
125.93 11.71 2.35
126.07 11.71 2.24
126.22 11.71 2.22
126.36 11.71 2.31
126.51 11.71 2.50
126.65 11.71 2.78
126.80 11.71 3.11
126.94 11.71 3.46
127.09 11.71 3.78
127.23 11.71 4.06
127.38 11.71 4.28
127.52 11.71 4.45
127.67 11.71 4.56
127.81 11.71 4.61
127.96 11.71 4.61
128.10 11.71 4.56
128.25 11.71 4.47
128.39 11.71 4.35
128.54 11.71 4.20
128.68 11.71 4.04
128.83 11.71 3.85
128.97 11.71 3.66
129.12 11.71 3.46
129.26 11.71 3.27
129.41 11.71 3.07
129.55 11.71 2.89
129.70 11.71 2.72
129.84 11.71 2.57
129.99 11.71 2.43
130.13 11.71 2.32
130.28 11.71 2.24
130.42 11.71 2.20
130.57 11.71 2.18
130.71 11.71 2.20
130.86 11.71 2.23
131.00 11.71 2.28

121.00 11.84 2.70
121.14 11.84 2.69
121.29 11.84 2.69
121.43 11.84 2.69
121.58 11.84 2.69
121.72 11.84 2.70
121.87 11.84 2.70
122.01 11.84 2.70
122.16 11.84 2.70
122.30 11.84 2.69
122.45 11.84 2.68
122.59 11.84 2.67
122.74 11.84 2.66
122.88 11.84 2.66
123.03 11.84 2.67
123.17 11.84 2.70
123.32 11.84 2.74
123.46 11.84 2.81
123.61 11.84 2.89
123.75 11.84 2.98
123.90 11.84 3.09
124.04 11.84 3.19
124.19 11.84 3.29
124.33 11.84 3.38
124.48 11.84 3.44
124.62 11.84 3.48
124.77 11.84 3.48
124.91 11.84 3.45
125.06 11.84 3.37
125.20 11.84 3.25
125.35 11.84 3.09
125.49 11.84 2.88
125.64 11.84 2.65
125.78 11.84 2.42
125.93 11.84 2.21
126.07 11.84 2.07
126.22 11.84 2.04
126.36 11.84 2.13
126.51 11.84 2.33
126.65 11.84 2.62
126.80 11.84 2.95
126.94 11.84 3.29
127.09 11.84 3.61
127.23 11.84 3.88
127.38 11.84 4.11
127.52 11.84 4.27
127.67 11.84 4.38
127.81 11.84 4.44
127.96 11.84 4.44
128.10 11.84 4.41
128.25 11.84 4.33
128.39 11.84 4.23
128.54 11.84 4.09
128.68 11.84 3.94
128.83 11.84 3.77
128.97 11.84 3.59
129.12 11.84 3.41
129.26 11.84 3.23
129.41 11.84 3.06
129.55 11.84 2.90
129.70 11.84 2.75
129.84 11.84 2.62
129.99 11.84 2.50
130.13 11.84 2.41
130.28 11.84 2.34
130.42 11.84 2.29
130.57 11.84 2.27
130.71 11.84 2.28
130.86 11.84 2.31
131.00 11.84 2.35

121.00 11.96 2.65
121.14 11.96 2.64
121.29 11.96 2.64
121.43 11.96 2.64
121.58 11.96 2.65
121.72 11.96 2.67
121.87 11.96 2.69
122.01 11.96 2.70
122.16 11.96 2.72
122.30 11.96 2.73
122.45 11.96 2.73
122.59 11.96 2.74
122.74 11.96 2.75
122.88 11.96 2.76
123.03 11.96 2.78
123.17 11.96 2.81
123.32 11.96 2.86
123.46 11.96 2.93
123.61 11.96 3.00
123.75 11.96 3.09
123.90 11.96 3.19
124.04 11.96 3.28
124.19 11.96 3.37
124.33 11.96 3.45
124.48 11.96 3.50
124.62 11.96 3.53
124.77 11.96 3.53
124.91 11.96 3.48
125.06 11.96 3.40
125.20 11.96 3.27
125.35 11.96 3.09
125.49 11.96 2.87
125.64 11.96 2.61
125.78 11.96 2.36
125.93 11.96 2.14
126.07 11.96 1.99
126.22 11.96 1.95
126.36 11.96 2.04
126.51 11.96 2.24
126.65 11.96 2.53
126.80 11.96 2.86
126.94 11.96 3.20
127.09 11.96 3.51
127.23 11.96 3.77
127.38 11.96 3.98
127.52 11.96 4.14
127.67 11.96 4.25
127.81 11.96 4.30
127.96 11.96 4.31
128.10 11.96 4.28
128.25 11.96 4.22
128.39 11.96 4.12
128.54 11.96 4.00
128.68 11.96 3.86
128.83 11.96 3.70
128.97 11.96 3.54
129.12 11.96 3.37
129.26 11.96 3.20
129.41 11.96 3.04
129.55 11.96 2.90
129.70 11.96 2.76
129.84 11.96 2.65
129.99 11.96 2.55
130.13 11.96 2.47
130.28 11.96 2.41
130.42 11.96 2.37
130.57 11.96 2.35
130.71 11.96 2.36
130.86 11.96 2.37
131.00 11.96 2.41

121.00 12.08 2.58
121.14 12.08 2.58
121.29 12.08 2.58
121.43 12.08 2.59
121.58 12.08 2.60
121.72 12.08 2.63
121.87 12.08 2.66
122.01 12.08 2.69
122.16 12.08 2.72
122.30 12.08 2.75
122.45 12.08 2.77
122.59 12.08 2.80
122.74 12.08 2.82
122.88 12.08 2.85
123.03 12.08 2.88
123.17 12.08 2.92
123.32 12.08 2.97
123.46 12.08 3.04
123.61 12.08 3.12
123.75 12.08 3.20
123.90 12.08 3.29
124.04 12.08 3.38
124.19 12.08 3.46
124.33 12.08 3.53
124.48 12.08 3.58
124.62 12.08 3.60
124.77 12.08 3.59
124.91 12.08 3.54
125.06 12.08 3.45
125.20 12.08 3.31
125.35 12.08 3.13
125.49 12.08 2.90
125.64 12.08 2.64
125.78 12.08 2.38
125.93 12.08 2.14
126.07 12.08 1.99
126.22 12.08 1.95
126.36 12.08 2.04
126.51 12.08 2.24
126.65 12.08 2.53
126.80 12.08 2.85
126.94 12.08 3.17
127.09 12.08 3.46
127.23 12.08 3.71
127.38 12.08 3.91
127.52 12.08 4.05
127.67 12.08 4.15
127.81 12.08 4.20
127.96 12.08 4.21
128.10 12.08 4.19
128.25 12.08 4.12
128.39 12.08 4.03
128.54 12.08 3.92
128.68 12.08 3.78
128.83 12.08 3.64
128.97 12.08 3.48
129.12 12.08 3.32
129.26 12.08 3.17
129.41 12.08 3.02
129.55 12.08 2.89
129.70 12.08 2.76
129.84 12.08 2.66
129.99 12.08 2.57
130.13 12.08 2.51
130.28 12.08 2.46
130.42 12.08 2.43
130.57 12.08 2.41
130.71 12.08 2.41
130.86 12.08 2.43
131.00 12.08 2.45

121.00 12.20 2.51
121.14 12.20 2.50
121.29 12.20 2.50
121.43 12.20 2.51
121.58 12.20 2.54
121.72 12.20 2.57
121.87 12.20 2.61
122.01 12.20 2.66
122.16 12.20 2.71
122.30 12.20 2.76
122.45 12.20 2.80
122.59 12.20 2.84
122.74 12.20 2.88
122.88 12.20 2.92
123.03 12.20 2.97
123.17 12.20 3.02
123.32 12.20 3.08
123.46 12.20 3.15
123.61 12.20 3.22
123.75 12.20 3.31
123.90 12.20 3.39
124.04 12.20 3.47
124.19 12.20 3.55
124.33 12.20 3.61
124.48 12.20 3.66
124.62 12.20 3.68
124.77 12.20 3.67
124.91 12.20 3.62
125.06 12.20 3.53
125.20 12.20 3.40
125.35 12.20 3.21
125.49 12.20 2.99
125.64 12.20 2.73
125.78 12.20 2.47
125.93 12.20 2.24
126.07 12.20 2.09
126.22 12.20 2.05
126.36 12.20 2.14
126.51 12.20 2.34
126.65 12.20 2.61
126.80 12.20 2.91
126.94 12.20 3.20
127.09 12.20 3.47
127.23 12.20 3.69
127.38 12.20 3.87
127.52 12.20 4.00
127.67 12.20 4.09
127.81 12.20 4.13
127.96 12.20 4.14
128.10 12.20 4.11
128.25 12.20 4.05
128.39 12.20 3.96
128.54 12.20 3.85
128.68 12.20 3.72
128.83 12.20 3.58
128.97 12.20 3.43
129.12 12.20 3.28
129.26 12.20 3.13
129.41 12.20 2.99
129.55 12.20 2.86
129.70 12.20 2.75
129.84 12.20 2.65
129.99 12.20 2.57
130.13 12.20 2.51
130.28 12.20 2.47
130.42 12.20 2.45
130.57 12.20 2.44
130.71 12.20 2.44
130.86 12.20 2.46
131.00 12.20 2.48

121.00 12.33 2.43
121.14 12.33 2.41
121.29 12.33 2.41
121.43 12.33 2.43
121.58 12.33 2.46
121.72 12.33 2.50
121.87 12.33 2.56
122.01 12.33 2.62
122.16 12.33 2.68
122.30 12.33 2.75
122.45 12.33 2.81
122.59 12.33 2.87
122.74 12.33 2.93
122.88 12.33 2.99
123.03 12.33 3.05
123.17 12.33 3.11
123.32 12.33 3.17
123.46 12.33 3.25
123.61 12.33 3.32
123.75 12.33 3.41
123.90 12.33 3.49
124.04 12.33 3.57
124.19 12.33 3.64
124.33 12.33 3.70
124.48 12.33 3.75
124.62 12.33 3.77
124.77 12.33 3.76
124.91 12.33 3.72
125.06 12.33 3.64
125.20 12.33 3.52
125.35 12.33 3.35
125.49 12.33 3.14
125.64 12.33 2.89
125.78 12.33 2.65
125.93 12.33 2.43
126.07 12.33 2.29
126.22 12.33 2.25
126.36 12.33 2.33
126.51 12.33 2.51
126.65 12.33 2.76
126.80 12.33 3.02
126.94 12.33 3.29
127.09 12.33 3.52
127.23 12.33 3.72
127.38 12.33 3.87
127.52 12.33 3.98
127.67 12.33 4.05
127.81 12.33 4.08
127.96 12.33 4.08
128.10 12.33 4.05
128.25 12.33 3.99
128.39 12.33 3.90
128.54 12.33 3.79
128.68 12.33 3.67
128.83 12.33 3.53
128.97 12.33 3.39
129.12 12.33 3.24
129.26 12.33 3.09
129.41 12.33 2.95
129.55 12.33 2.82
129.70 12.33 2.71
129.84 12.33 2.62
129.99 12.33 2.54
130.13 12.33 2.49
130.28 12.33 2.46
130.42 12.33 2.44
130.57 12.33 2.44
130.71 12.33 2.45
130.86 12.33 2.47
131.00 12.33 2.49

121.00 12.45 2.34
121.14 12.45 2.32
121.29 12.45 2.31
121.43 12.45 2.33
121.58 12.45 2.37
121.72 12.45 2.42
121.87 12.45 2.49
122.01 12.45 2.56
122.16 12.45 2.65
122.30 12.45 2.73
122.45 12.45 2.82
122.59 12.45 2.89
122.74 12.45 2.97
122.88 12.45 3.04
123.03 12.45 3.11
123.17 12.45 3.19
123.32 12.45 3.26
123.46 12.45 3.34
123.61 12.45 3.42
123.75 12.45 3.50
123.90 12.45 3.58
124.04 12.45 3.66
124.19 12.45 3.73
124.33 12.45 3.80
124.48 12.45 3.84
124.62 12.45 3.87
124.77 12.45 3.87
124.91 12.45 3.84
125.06 12.45 3.78
125.20 12.45 3.67
125.35 12.45 3.53
125.49 12.45 3.34
125.64 12.45 3.12
125.78 12.45 2.90
125.93 12.45 2.71
126.07 12.45 2.58
126.22 12.45 2.54
126.36 12.45 2.61
126.51 12.45 2.76
126.65 12.45 2.97
126.80 12.45 3.20
126.94 12.45 3.42
127.09 12.45 3.61
127.23 12.45 3.77
127.38 12.45 3.90
127.52 12.45 3.99
127.67 12.45 4.04
127.81 12.45 4.06
127.96 12.45 4.05
128.10 12.45 4.01
128.25 12.45 3.94
128.39 12.45 3.86
128.54 12.45 3.75
128.68 12.45 3.62
128.83 12.45 3.49
128.97 12.45 3.34
129.12 12.45 3.20
129.26 12.45 3.05
129.41 12.45 2.91
129.55 12.45 2.78
129.70 12.45 2.66
129.84 12.45 2.57
129.99 12.45 2.49
130.13 12.45 2.44
130.28 12.45 2.41
130.42 12.45 2.41
130.57 12.45 2.41
130.71 12.45 2.43
130.86 12.45 2.46
131.00 12.45 2.49

121.00 12.57 2.24
121.14 12.57 2.21
121.29 12.57 2.20
121.43 12.57 2.22
121.58 12.57 2.26
121.72 12.57 2.32
121.87 12.57 2.40
122.01 12.57 2.50
122.16 12.57 2.60
122.30 12.57 2.70
122.45 12.57 2.81
122.59 12.57 2.91
122.74 12.57 3.00
122.88 12.57 3.09
123.03 12.57 3.17
123.17 12.57 3.26
123.32 12.57 3.34
123.46 12.57 3.42
123.61 12.57 3.51
123.75 12.57 3.59
123.90 12.57 3.68
124.04 12.57 3.76
124.19 12.57 3.83
124.33 12.57 3.90
124.48 12.57 3.95
124.62 12.57 3.98
124.77 12.57 4.00
124.91 12.57 3.99
125.06 12.57 3.94
125.20 12.57 3.86
125.35 12.57 3.75
125.49 12.57 3.60
125.64 12.57 3.42
125.78 12.57 3.23
125.93 12.57 3.06
126.07 12.57 2.95
126.22 12.57 2.91
126.36 12.57 2.96
126.51 12.57 3.08
126.65 12.57 3.24
126.80 12.57 3.42
126.94 12.57 3.59
127.09 12.57 3.74
127.23 12.57 3.86
127.38 12.57 3.95
127.52 12.57 4.02
127.67 12.57 4.05
127.81 12.57 4.05
127.96 12.57 4.03
128.10 12.57 3.98
128.25 12.57 3.91
128.39 12.57 3.82
128.54 12.57 3.71
128.68 12.57 3.59
128.83 12.57 3.45
128.97 12.57 3.31
129.12 12.57 3.16
129.26 12.57 3.01
129.41 12.57 2.86
129.55 12.57 2.73
129.70 12.57 2.61
129.84 12.57 2.51
129.99 12.57 2.43
130.13 12.57 2.38
130.28 12.57 2.35
130.42 12.57 2.35
130.57 12.57 2.37
130.71 12.57 2.40
130.86 12.57 2.44
131.00 12.57 2.48

121.00 12.69 2.13
121.14 12.69 2.10
121.29 12.69 2.09
121.43 12.69 2.10
121.58 12.69 2.14
121.72 12.69 2.21
121.87 12.69 2.31
122.01 12.69 2.42
122.16 12.69 2.54
122.30 12.69 2.67
122.45 12.69 2.79
122.59 12.69 2.91
122.74 12.69 3.02
122.88 12.69 3.13
123.03 12.69 3.23
123.17 12.69 3.32
123.32 12.69 3.42
123.46 12.69 3.51
123.61 12.69 3.60
123.75 12.69 3.68
123.90 12.69 3.77
124.04 12.69 3.85
124.19 12.69 3.93
124.33 12.69 4.00
124.48 12.69 4.06
124.62 12.69 4.11
124.77 12.69 4.14
124.91 12.69 4.15
125.06 12.69 4.13
125.20 12.69 4.09
125.35 12.69 4.01
125.49 12.69 3.90
125.64 12.69 3.77
125.78 12.69 3.62
125.93 12.69 3.48
126.07 12.69 3.39
126.22 12.69 3.35
126.36 12.69 3.37
126.51 12.69 3.44
126.65 12.69 3.55
126.80 12.69 3.67
126.94 12.69 3.79
127.09 12.69 3.89
127.23 12.69 3.97
127.38 12.69 4.03
127.52 12.69 4.06
127.67 12.69 4.07
127.81 12.69 4.06
127.96 12.69 4.02
128.10 12.69 3.97
128.25 12.69 3.89
128.39 12.69 3.80
128.54 12.69 3.69
128.68 12.69 3.56
128.83 12.69 3.42
128.97 12.69 3.28
129.12 12.69 3.12
129.26 12.69 2.97
129.41 12.69 2.82
129.55 12.69 2.68
129.70 12.69 2.55
129.84 12.69 2.44
129.99 12.69 2.36
130.13 12.69 2.31
130.28 12.69 2.28
130.42 12.69 2.29
130.57 12.69 2.32
130.71 12.69 2.36
130.86 12.69 2.41
131.00 12.69 2.46

121.00 12.82 2.03
121.14 12.82 1.98
121.29 12.82 1.97
121.43 12.82 1.98
121.58 12.82 2.02
121.72 12.82 2.10
121.87 12.82 2.20
122.01 12.82 2.33
122.16 12.82 2.47
122.30 12.82 2.62
122.45 12.82 2.77
122.59 12.82 2.91
122.74 12.82 3.04
122.88 12.82 3.17
123.03 12.82 3.28
123.17 12.82 3.39
123.32 12.82 3.49
123.46 12.82 3.58
123.61 12.82 3.68
123.75 12.82 3.77
123.90 12.82 3.86
124.04 12.82 3.95
124.19 12.82 4.03
124.33 12.82 4.11
124.48 12.82 4.18
124.62 12.82 4.24
124.77 12.82 4.29
124.91 12.82 4.33
125.06 12.82 4.34
125.20 12.82 4.34
125.35 12.82 4.30
125.49 12.82 4.24
125.64 12.82 4.16
125.78 12.82 4.06
125.93 12.82 3.96
126.07 12.82 3.88
126.22 12.82 3.83
126.36 12.82 3.82
126.51 12.82 3.84
126.65 12.82 3.89
126.80 12.82 3.95
126.94 12.82 4.01
127.09 12.82 4.06
127.23 12.82 4.10
127.38 12.82 4.12
127.52 12.82 4.12
127.67 12.82 4.11
127.81 12.82 4.08
127.96 12.82 4.03
128.10 12.82 3.96
128.25 12.82 3.88
128.39 12.82 3.78
128.54 12.82 3.67
128.68 12.82 3.54
128.83 12.82 3.40
128.97 12.82 3.25
129.12 12.82 3.10
129.26 12.82 2.94
129.41 12.82 2.78
129.55 12.82 2.63
129.70 12.82 2.50
129.84 12.82 2.38
129.99 12.82 2.30
130.13 12.82 2.24
130.28 12.82 2.22
130.42 12.82 2.23
130.57 12.82 2.27
130.71 12.82 2.32
130.86 12.82 2.38
131.00 12.82 2.45

121.00 12.94 1.93
121.14 12.94 1.87
121.29 12.94 1.84
121.43 12.94 1.85
121.58 12.94 1.90
121.72 12.94 1.98
121.87 12.94 2.10
122.01 12.94 2.25
122.16 12.94 2.41
122.30 12.94 2.58
122.45 12.94 2.75
122.59 12.94 2.91
122.74 12.94 3.06
122.88 12.94 3.20
123.03 12.94 3.33
123.17 12.94 3.44
123.32 12.94 3.55
123.46 12.94 3.66
123.61 12.94 3.76
123.75 12.94 3.86
123.90 12.94 3.95
124.04 12.94 4.04
124.19 12.94 4.13
124.33 12.94 4.22
124.48 12.94 4.30
124.62 12.94 4.38
124.77 12.94 4.45
124.91 12.94 4.52
125.06 12.94 4.57
125.20 12.94 4.60
125.35 12.94 4.62
125.49 12.94 4.62
125.64 12.94 4.59
125.78 12.94 4.54
125.93 12.94 4.47
126.07 12.94 4.40
126.22 12.94 4.34
126.36 12.94 4.29
126.51 12.94 4.26
126.65 12.94 4.25
126.80 12.94 4.24
126.94 12.94 4.24
127.09 12.94 4.24
127.23 12.94 4.23
127.38 12.94 4.22
127.52 12.94 4.19
127.67 12.94 4.15
127.81 12.94 4.10
127.96 12.94 4.04
128.10 12.94 3.97
128.25 12.94 3.88
128.39 12.94 3.77
128.54 12.94 3.66
128.68 12.94 3.53
128.83 12.94 3.39
128.97 12.94 3.24
129.12 12.94 3.08
129.26 12.94 2.92
129.41 12.94 2.76
129.55 12.94 2.60
129.70 12.94 2.46
129.84 12.94 2.34
129.99 12.94 2.25
130.13 12.94 2.19
130.28 12.94 2.17
130.42 12.94 2.19
130.57 12.94 2.23
130.71 12.94 2.29
130.86 12.94 2.36
131.00 12.94 2.43

121.00 13.06 1.84
121.14 13.06 1.77
121.29 13.06 1.73
121.43 13.06 1.73
121.58 13.06 1.78
121.72 13.06 1.87
121.87 13.06 2.00
122.01 13.06 2.17
122.16 13.06 2.35
122.30 13.06 2.54
122.45 13.06 2.73
122.59 13.06 2.91
122.74 13.06 3.08
122.88 13.06 3.24
123.03 13.06 3.38
123.17 13.06 3.50
123.32 13.06 3.62
123.46 13.06 3.73
123.61 13.06 3.84
123.75 13.06 3.94
123.90 13.06 4.04
124.04 13.06 4.14
124.19 13.06 4.23
124.33 13.06 4.33
124.48 13.06 4.43
124.62 13.06 4.52
124.77 13.06 4.62
124.91 13.06 4.71
125.06 13.06 4.80
125.20 13.06 4.89
125.35 13.06 4.96
125.49 13.06 5.01
125.64 13.06 5.04
125.78 13.06 5.04
125.93 13.06 5.01
126.07 13.06 4.95
126.22 13.06 4.87
126.36 13.06 4.78
126.51 13.06 4.69
126.65 13.06 4.61
126.80 13.06 4.54
126.94 13.06 4.48
127.09 13.06 4.43
127.23 13.06 4.37
127.38 13.06 4.32
127.52 13.06 4.27
127.67 13.06 4.20
127.81 13.06 4.14
127.96 13.06 4.06
128.10 13.06 3.98
128.25 13.06 3.88
128.39 13.06 3.77
128.54 13.06 3.65
128.68 13.06 3.52
128.83 13.06 3.38
128.97 13.06 3.23
129.12 13.06 3.08
129.26 13.06 2.91
129.41 13.06 2.75
129.55 13.06 2.59
129.70 13.06 2.44
129.84 13.06 2.32
129.99 13.06 2.23
130.13 13.06 2.17
130.28 13.06 2.15
130.42 13.06 2.17
130.57 13.06 2.21
130.71 13.06 2.28
130.86 13.06 2.35
131.00 13.06 2.43

121.00 13.18 1.76
121.14 13.18 1.68
121.29 13.18 1.63
121.43 13.18 1.63
121.58 13.18 1.68
121.72 13.18 1.78
121.87 13.18 1.92
122.01 13.18 2.10
122.16 13.18 2.30
122.30 13.18 2.52
122.45 13.18 2.73
122.59 13.18 2.93
122.74 13.18 3.11
122.88 13.18 3.28
123.03 13.18 3.43
123.17 13.18 3.57
123.32 13.18 3.69
123.46 13.18 3.81
123.61 13.18 3.92
123.75 13.18 4.02
123.90 13.18 4.12
124.04 13.18 4.23
124.19 13.18 4.33
124.33 13.18 4.44
124.48 13.18 4.55
124.62 13.18 4.66
124.77 13.18 4.78
124.91 13.18 4.91
125.06 13.18 5.04
125.20 13.18 5.17
125.35 13.18 5.30
125.49 13.18 5.41
125.64 13.18 5.51
125.78 13.18 5.56
125.93 13.18 5.56
126.07 13.18 5.50
126.22 13.18 5.40
126.36 13.18 5.26
126.51 13.18 5.11
126.65 13.18 4.97
126.80 13.18 4.83
126.94 13.18 4.71
127.09 13.18 4.61
127.23 13.18 4.51
127.38 13.18 4.42
127.52 13.18 4.34
127.67 13.18 4.26
127.81 13.18 4.17
127.96 13.18 4.08
128.10 13.18 3.99
128.25 13.18 3.89
128.39 13.18 3.78
128.54 13.18 3.66
128.68 13.18 3.53
128.83 13.18 3.39
128.97 13.18 3.24
129.12 13.18 3.08
129.26 13.18 2.92
129.41 13.18 2.76
129.55 13.18 2.60
129.70 13.18 2.45
129.84 13.18 2.32
129.99 13.18 2.23
130.13 13.18 2.17
130.28 13.18 2.15
130.42 13.18 2.17
130.57 13.18 2.22
130.71 13.18 2.28
130.86 13.18 2.36
131.00 13.18 2.44

121.00 13.31 1.70
121.14 13.31 1.61
121.29 13.31 1.56
121.43 13.31 1.55
121.58 13.31 1.60
121.72 13.31 1.70
121.87 13.31 1.86
122.01 13.31 2.05
122.16 13.31 2.27
122.30 13.31 2.51
122.45 13.31 2.73
122.59 13.31 2.95
122.74 13.31 3.15
122.88 13.31 3.33
123.03 13.31 3.49
123.17 13.31 3.63
123.32 13.31 3.76
123.46 13.31 3.88
123.61 13.31 3.99
123.75 13.31 4.10
123.90 13.31 4.21
124.04 13.31 4.31
124.19 13.31 4.42
124.33 13.31 4.54
124.48 13.31 4.66
124.62 13.31 4.79
124.77 13.31 4.94
124.91 13.31 5.09
125.06 13.31 5.27
125.20 13.31 5.45
125.35 13.31 5.63
125.49 13.31 5.81
125.64 13.31 5.97
125.78 13.31 6.07
125.93 13.31 6.10
126.07 13.31 6.05
126.22 13.31 5.92
126.36 13.31 5.73
126.51 13.31 5.52
126.65 13.31 5.31
126.80 13.31 5.11
126.94 13.31 4.93
127.09 13.31 4.78
127.23 13.31 4.64
127.38 13.31 4.52
127.52 13.31 4.41
127.67 13.31 4.31
127.81 13.31 4.21
127.96 13.31 4.11
128.10 13.31 4.01
128.25 13.31 3.90
128.39 13.31 3.79
128.54 13.31 3.66
128.68 13.31 3.54
128.83 13.31 3.40
128.97 13.31 3.25
129.12 13.31 3.10
129.26 13.31 2.94
129.41 13.31 2.78
129.55 13.31 2.62
129.70 13.31 2.48
129.84 13.31 2.35
129.99 13.31 2.26
130.13 13.31 2.20
130.28 13.31 2.18
130.42 13.31 2.20
130.57 13.31 2.24
130.71 13.31 2.31
130.86 13.31 2.38
131.00 13.31 2.46

121.00 13.43 1.67
121.14 13.43 1.57
121.29 13.43 1.52
121.43 13.43 1.51
121.58 13.43 1.55
121.72 13.43 1.66
121.87 13.43 1.83
122.01 13.43 2.04
122.16 13.43 2.27
122.30 13.43 2.52
122.45 13.43 2.76
122.59 13.43 2.99
122.74 13.43 3.20
122.88 13.43 3.39
123.03 13.43 3.56
123.17 13.43 3.71
123.32 13.43 3.84
123.46 13.43 3.96
123.61 13.43 4.07
123.75 13.43 4.18
123.90 13.43 4.29
124.04 13.43 4.40
124.19 13.43 4.51
124.33 13.43 4.63
124.48 13.43 4.77
124.62 13.43 4.91
124.77 13.43 5.08
124.91 13.43 5.27
125.06 13.43 5.48
125.20 13.43 5.71
125.35 13.43 5.95
125.49 13.43 6.19
125.64 13.43 6.41
125.78 13.43 6.57
125.93 13.43 6.63
126.07 13.43 6.57
126.22 13.43 6.41
126.36 13.43 6.18
126.51 13.43 5.90
126.65 13.43 5.62
126.80 13.43 5.36
126.94 13.43 5.13
127.09 13.43 4.93
127.23 13.43 4.76
127.38 13.43 4.61
127.52 13.43 4.48
127.67 13.43 4.35
127.81 13.43 4.24
127.96 13.43 4.13
128.10 13.43 4.02
128.25 13.43 3.91
128.39 13.43 3.80
128.54 13.43 3.68
128.68 13.43 3.55
128.83 13.43 3.42
128.97 13.43 3.28
129.12 13.43 3.13
129.26 13.43 2.97
129.41 13.43 2.82
129.55 13.43 2.67
129.70 13.43 2.53
129.84 13.43 2.41
129.99 13.43 2.32
130.13 13.43 2.26
130.28 13.43 2.24
130.42 13.43 2.25
130.57 13.43 2.29
130.71 13.43 2.35
130.86 13.43 2.42
131.00 13.43 2.49

121.00 13.55 1.67
121.14 13.55 1.57
121.29 13.55 1.51
121.43 13.55 1.50
121.58 13.55 1.55
121.72 13.55 1.66
121.87 13.55 1.84
122.01 13.55 2.06
122.16 13.55 2.30
122.30 13.55 2.56
122.45 13.55 2.82
122.59 13.55 3.06
122.74 13.55 3.28
122.88 13.55 3.47
123.03 13.55 3.64
123.17 13.55 3.79
123.32 13.55 3.92
123.46 13.55 4.04
123.61 13.55 4.15
123.75 13.55 4.26
123.90 13.55 4.37
124.04 13.55 4.47
124.19 13.55 4.59
124.33 13.55 4.72
124.48 13.55 4.86
124.62 13.55 5.02
124.77 13.55 5.20
124.91 13.55 5.42
125.06 13.55 5.66
125.20 13.55 5.93
125.35 13.55 6.23
125.49 13.55 6.54
125.64 13.55 6.81
125.78 13.55 7.02
125.93 13.55 7.11
126.07 13.55 7.06
126.22 13.55 6.86
126.36 13.55 6.57
126.51 13.55 6.23
126.65 13.55 5.89
126.80 13.55 5.57
126.94 13.55 5.30
127.09 13.55 5.06
127.23 13.55 4.85
127.38 13.55 4.68
127.52 13.55 4.53
127.67 13.55 4.39
127.81 13.55 4.27
127.96 13.55 4.15
128.10 13.55 4.04
128.25 13.55 3.93
128.39 13.55 3.81
128.54 13.55 3.69
128.68 13.55 3.57
128.83 13.55 3.44
128.97 13.55 3.31
129.12 13.55 3.17
129.26 13.55 3.02
129.41 13.55 2.88
129.55 13.55 2.73
129.70 13.55 2.60
129.84 13.55 2.48
129.99 13.55 2.40
130.13 13.55 2.34
130.28 13.55 2.32
130.42 13.55 2.32
130.57 13.55 2.36
130.71 13.55 2.41
130.86 13.55 2.47
131.00 13.55 2.53

121.00 13.67 1.71
121.14 13.67 1.61
121.29 13.67 1.55
121.43 13.67 1.54
121.58 13.67 1.59
121.72 13.67 1.71
121.87 13.67 1.89
122.01 13.67 2.12
122.16 13.67 2.37
122.30 13.67 2.64
122.45 13.67 2.91
122.59 13.67 3.15
122.74 13.67 3.37
122.88 13.67 3.57
123.03 13.67 3.74
123.17 13.67 3.89
123.32 13.67 4.01
123.46 13.67 4.13
123.61 13.67 4.24
123.75 13.67 4.34
123.90 13.67 4.44
124.04 13.67 4.55
124.19 13.67 4.66
124.33 13.67 4.79
124.48 13.67 4.94
124.62 13.67 5.10
124.77 13.67 5.30
124.91 13.67 5.54
125.06 13.67 5.81
125.20 13.67 6.12
125.35 13.67 6.46
125.49 13.67 6.82
125.64 13.67 7.16
125.78 13.67 7.41
125.93 13.67 7.53
126.07 13.67 7.47
126.22 13.67 7.25
126.36 13.67 6.90
126.51 13.67 6.50
126.65 13.67 6.10
126.80 13.67 5.74
126.94 13.67 5.42
127.09 13.67 5.15
127.23 13.67 4.92
127.38 13.67 4.73
127.52 13.67 4.57
127.67 13.67 4.42
127.81 13.67 4.29
127.96 13.67 4.17
128.10 13.67 4.05
128.25 13.67 3.94
128.39 13.67 3.83
128.54 13.67 3.71
128.68 13.67 3.59
128.83 13.67 3.47
128.97 13.67 3.35
129.12 13.67 3.21
129.26 13.67 3.08
129.41 13.67 2.94
129.55 13.67 2.81
129.70 13.67 2.68
129.84 13.67 2.58
129.99 13.67 2.49
130.13 13.67 2.44
130.28 13.67 2.41
130.42 13.67 2.41
130.57 13.67 2.44
130.71 13.67 2.48
130.86 13.67 2.53
131.00 13.67 2.59

121.00 13.80 1.78
121.14 13.80 1.69
121.29 13.80 1.63
121.43 13.80 1.63
121.58 13.80 1.68
121.72 13.80 1.81
121.87 13.80 1.99
122.01 13.80 2.23
122.16 13.80 2.49
122.30 13.80 2.76
122.45 13.80 3.02
122.59 13.80 3.27
122.74 13.80 3.49
122.88 13.80 3.68
123.03 13.80 3.85
123.17 13.80 3.99
123.32 13.80 4.11
123.46 13.80 4.22
123.61 13.80 4.32
123.75 13.80 4.42
123.90 13.80 4.51
124.04 13.80 4.61
124.19 13.80 4.72
124.33 13.80 4.85
124.48 13.80 5.00
124.62 13.80 5.17
124.77 13.80 5.37
124.91 13.80 5.62
125.06 13.80 5.91
125.20 13.80 6.24
125.35 13.80 6.63
125.49 13.80 7.03
125.64 13.80 7.41
125.78 13.80 7.71
125.93 13.80 7.86
126.07 13.80 7.79
126.22 13.80 7.53
126.36 13.80 7.14
126.51 13.80 6.69
126.65 13.80 6.25
126.80 13.80 5.84
126.94 13.80 5.50
127.09 13.80 5.21
127.23 13.80 4.96
127.38 13.80 4.76
127.52 13.80 4.59
127.67 13.80 4.43
127.81 13.80 4.30
127.96 13.80 4.18
128.10 13.80 4.06
128.25 13.80 3.95
128.39 13.80 3.84
128.54 13.80 3.73
128.68 13.80 3.62
128.83 13.80 3.51
128.97 13.80 3.39
129.12 13.80 3.27
129.26 13.80 3.14
129.41 13.80 3.02
129.55 13.80 2.89
129.70 13.80 2.78
129.84 13.80 2.68
129.99 13.80 2.60
130.13 13.80 2.54
130.28 13.80 2.52
130.42 13.80 2.51
130.57 13.80 2.53
130.71 13.80 2.56
130.86 13.80 2.60
131.00 13.80 2.65

121.00 13.92 1.89
121.14 13.92 1.81
121.29 13.92 1.76
121.43 13.92 1.76
121.58 13.92 1.83
121.72 13.92 1.96
121.87 13.92 2.15
122.01 13.92 2.38
122.16 13.92 2.64
122.30 13.92 2.91
122.45 13.92 3.18
122.59 13.92 3.42
122.74 13.92 3.63
122.88 13.92 3.82
123.03 13.92 3.98
123.17 13.92 4.11
123.32 13.92 4.22
123.46 13.92 4.32
123.61 13.92 4.41
123.75 13.92 4.50
123.90 13.92 4.58
124.04 13.92 4.67
124.19 13.92 4.78
124.33 13.92 4.90
124.48 13.92 5.04
124.62 13.92 5.21
124.77 13.92 5.41
124.91 13.92 5.66
125.06 13.92 5.95
125.20 13.92 6.30
125.35 13.92 6.70
125.49 13.92 7.14
125.64 13.92 7.56
125.78 13.92 7.89
125.93 13.92 8.05
126.07 13.92 7.99
126.22 13.92 7.70
126.36 13.92 7.26
126.51 13.92 6.77
126.65 13.92 6.30
126.80 13.92 5.88
126.94 13.92 5.52
127.09 13.92 5.22
127.23 13.92 4.97
127.38 13.92 4.76
127.52 13.92 4.59
127.67 13.92 4.44
127.81 13.92 4.30
127.96 13.92 4.18
128.10 13.92 4.06
128.25 13.92 3.96
128.39 13.92 3.85
128.54 13.92 3.75
128.68 13.92 3.65
128.83 13.92 3.54
128.97 13.92 3.43
129.12 13.92 3.32
129.26 13.92 3.21
129.41 13.92 3.10
129.55 13.92 2.99
129.70 13.92 2.88
129.84 13.92 2.79
129.99 13.92 2.71
130.13 13.92 2.66
130.28 13.92 2.63
130.42 13.92 2.62
130.57 13.92 2.63
130.71 13.92 2.65
130.86 13.92 2.68
131.00 13.92 2.72

121.00 14.04 2.04
121.14 14.04 1.97
121.29 14.04 1.93
121.43 14.04 1.95
121.58 14.04 2.02
121.72 14.04 2.16
121.87 14.04 2.35
122.01 14.04 2.58
122.16 14.04 2.84
122.30 14.04 3.11
122.45 14.04 3.37
122.59 14.04 3.60
122.74 14.04 3.80
122.88 14.04 3.98
123.03 14.04 4.12
123.17 14.04 4.25
123.32 14.04 4.35
123.46 14.04 4.43
123.61 14.04 4.51
123.75 14.04 4.58
123.90 14.04 4.65
124.04 14.04 4.73
124.19 14.04 4.82
124.33 14.04 4.93
124.48 14.04 5.06
124.62 14.04 5.22
124.77 14.04 5.41
124.91 14.04 5.65
125.06 14.04 5.94
125.20 14.04 6.29
125.35 14.04 6.69
125.49 14.04 7.12
125.64 14.04 7.56
125.78 14.04 7.91
125.93 14.04 8.08
126.07 14.04 8.01
126.22 14.04 7.70
126.36 14.04 7.25
126.51 14.04 6.74
126.65 14.04 6.26
126.80 14.04 5.83
126.94 14.04 5.48
127.09 14.04 5.19
127.23 14.04 4.94
127.38 14.04 4.74
127.52 14.04 4.57
127.67 14.04 4.42
127.81 14.04 4.29
127.96 14.04 4.17
128.10 14.04 4.06
128.25 14.04 3.96
128.39 14.04 3.86
128.54 14.04 3.77
128.68 14.04 3.67
128.83 14.04 3.58
128.97 14.04 3.48
129.12 14.04 3.38
129.26 14.04 3.28
129.41 14.04 3.18
129.55 14.04 3.08
129.70 14.04 2.98
129.84 14.04 2.90
129.99 14.04 2.83
130.13 14.04 2.78
130.28 14.04 2.74
130.42 14.04 2.73
130.57 14.04 2.73
130.71 14.04 2.74
130.86 14.04 2.76
131.00 14.04 2.79

121.00 14.16 2.21
121.14 14.16 2.16
121.29 14.16 2.15
121.43 14.16 2.18
121.58 14.16 2.26
121.72 14.16 2.41
121.87 14.16 2.60
122.01 14.16 2.83
122.16 14.16 3.09
122.30 14.16 3.34
122.45 14.16 3.59
122.59 14.16 3.81
122.74 14.16 4.00
122.88 14.16 4.16
123.03 14.16 4.29
123.17 14.16 4.40
123.32 14.16 4.48
123.46 14.16 4.55
123.61 14.16 4.60
123.75 14.16 4.66
123.90 14.16 4.72
124.04 14.16 4.78
124.19 14.16 4.86
124.33 14.16 4.95
124.48 14.16 5.06
124.62 14.16 5.21
124.77 14.16 5.38
124.91 14.16 5.60
125.06 14.16 5.87
125.20 14.16 6.19
125.35 14.16 6.56
125.49 14.16 6.98
125.64 14.16 7.40
125.78 14.16 7.74
125.93 14.16 7.91
126.07 14.16 7.83
126.22 14.16 7.52
126.36 14.16 7.07
126.51 14.16 6.57
126.65 14.16 6.11
126.80 14.16 5.71
126.94 14.16 5.38
127.09 14.16 5.11
127.23 14.16 4.88
127.38 14.16 4.69
127.52 14.16 4.53
127.67 14.16 4.39
127.81 14.16 4.27
127.96 14.16 4.16
128.10 14.16 4.05
128.25 14.16 3.96
128.39 14.16 3.87
128.54 14.16 3.78
128.68 14.16 3.69
128.83 14.16 3.61
128.97 14.16 3.52
129.12 14.16 3.44
129.26 14.16 3.35
129.41 14.16 3.26
129.55 14.16 3.17
129.70 14.16 3.09
129.84 14.16 3.01
129.99 14.16 2.94
130.13 14.16 2.89
130.28 14.16 2.85
130.42 14.16 2.83
130.57 14.16 2.83
130.71 14.16 2.83
130.86 14.16 2.85
131.00 14.16 2.87

121.00 14.29 2.42
121.14 14.29 2.39
121.29 14.29 2.39
121.43 14.29 2.44
121.58 14.29 2.54
121.72 14.29 2.69
121.87 14.29 2.89
122.01 14.29 3.12
122.16 14.29 3.37
122.30 14.29 3.61
122.45 14.29 3.85
122.59 14.29 4.05
122.74 14.29 4.23
122.88 14.29 4.37
123.03 14.29 4.48
123.17 14.29 4.56
123.32 14.29 4.62
123.46 14.29 4.67
123.61 14.29 4.71
123.75 14.29 4.75
123.90 14.29 4.78
124.04 14.29 4.83
124.19 14.29 4.88
124.33 14.29 4.96
124.48 14.29 5.05
124.62 14.29 5.17
124.77 14.29 5.32
124.91 14.29 5.51
125.06 14.29 5.74
125.20 14.29 6.02
125.35 14.29 6.34
125.49 14.29 6.71
125.64 14.29 7.07
125.78 14.29 7.37
125.93 14.29 7.51
126.07 14.29 7.43
126.22 14.29 7.13
126.36 14.29 6.71
126.51 14.29 6.26
126.65 14.29 5.85
126.80 14.29 5.50
126.94 14.29 5.22
127.09 14.29 4.98
127.23 14.29 4.79
127.38 14.29 4.62
127.52 14.29 4.48
127.67 14.29 4.35
127.81 14.29 4.24
127.96 14.29 4.13
128.10 14.29 4.04
128.25 14.29 3.95
128.39 14.29 3.87
128.54 14.29 3.79
128.68 14.29 3.71
128.83 14.29 3.64
128.97 14.29 3.56
129.12 14.29 3.49
129.26 14.29 3.41
129.41 14.29 3.34
129.55 14.29 3.26
129.70 14.29 3.18
129.84 14.29 3.11
129.99 14.29 3.05
130.13 14.29 3.00
130.28 14.29 2.96
130.42 14.29 2.94
130.57 14.29 2.93
130.71 14.29 2.92
130.86 14.29 2.93
131.00 14.29 2.95

121.00 14.41 2.64
121.14 14.41 2.64
121.29 14.41 2.66
121.43 14.41 2.73
121.58 14.41 2.85
121.72 14.41 3.01
121.87 14.41 3.21
122.01 14.41 3.44
122.16 14.41 3.68
122.30 14.41 3.91
122.45 14.41 4.13
122.59 14.41 4.32
122.74 14.41 4.48
122.88 14.41 4.60
123.03 14.41 4.69
123.17 14.41 4.75
123.32 14.41 4.78
123.46 14.41 4.81
123.61 14.41 4.82
123.75 14.41 4.83
123.90 14.41 4.85
124.04 14.41 4.87
124.19 14.41 4.91
124.33 14.41 4.96
124.48 14.41 5.03
124.62 14.41 5.12
124.77 14.41 5.24
124.91 14.41 5.38
125.06 14.41 5.56
125.20 14.41 5.78
125.35 14.41 6.03
125.49 14.41 6.31
125.64 14.41 6.59
125.78 14.41 6.81
125.93 14.41 6.90
126.07 14.41 6.80
126.22 14.41 6.54
126.36 14.41 6.18
126.51 14.41 5.82
126.65 14.41 5.50
126.80 14.41 5.23
126.94 14.41 5.00
127.09 14.41 4.82
127.23 14.41 4.66
127.38 14.41 4.53
127.52 14.41 4.41
127.67 14.41 4.30
127.81 14.41 4.20
127.96 14.41 4.11
128.10 14.41 4.02
128.25 14.41 3.94
128.39 14.41 3.87
128.54 14.41 3.79
128.68 14.41 3.73
128.83 14.41 3.66
128.97 14.41 3.60
129.12 14.41 3.54
129.26 14.41 3.47
129.41 14.41 3.41
129.55 14.41 3.34
129.70 14.41 3.27
129.84 14.41 3.21
129.99 14.41 3.15
130.13 14.41 3.11
130.28 14.41 3.07
130.42 14.41 3.04
130.57 14.41 3.02
130.71 14.41 3.01
130.86 14.41 3.01
131.00 14.41 3.02

121.00 14.53 2.88
121.14 14.53 2.90
121.29 14.53 2.95
121.43 14.53 3.04
121.58 14.53 3.17
121.72 14.53 3.34
121.87 14.53 3.55
122.01 14.53 3.78
122.16 14.53 4.01
122.30 14.53 4.24
122.45 14.53 4.44
122.59 14.53 4.61
122.74 14.53 4.75
122.88 14.53 4.85
123.03 14.53 4.91
123.17 14.53 4.95
123.32 14.53 4.96
123.46 14.53 4.95
123.61 14.53 4.94
123.75 14.53 4.93
123.90 14.53 4.92
124.04 14.53 4.92
124.19 14.53 4.93
124.33 14.53 4.95
124.48 14.53 4.99
124.62 14.53 5.05
124.77 14.53 5.13
124.91 14.53 5.23
125.06 14.53 5.35
125.20 14.53 5.50
125.35 14.53 5.66
125.49 14.53 5.83
125.64 14.53 5.98
125.78 14.53 6.09
125.93 14.53 6.10
126.07 14.53 5.98
126.22 14.53 5.77
126.36 14.53 5.52
126.51 14.53 5.28
126.65 14.53 5.07
126.80 14.53 4.90
126.94 14.53 4.75
127.09 14.53 4.63
127.23 14.53 4.52
127.38 14.53 4.42
127.52 14.53 4.32
127.67 14.53 4.24
127.81 14.53 4.15
127.96 14.53 4.07
128.10 14.53 4.00
128.25 14.53 3.92
128.39 14.53 3.86
128.54 14.53 3.80
128.68 14.53 3.74
128.83 14.53 3.69
128.97 14.53 3.63
129.12 14.53 3.58
129.26 14.53 3.53
129.41 14.53 3.47
129.55 14.53 3.42
129.70 14.53 3.36
129.84 14.53 3.30
129.99 14.53 3.25
130.13 14.53 3.20
130.28 14.53 3.16
130.42 14.53 3.13
130.57 14.53 3.11
130.71 14.53 3.09
130.86 14.53 3.09
131.00 14.53 3.09

121.00 14.65 3.13
121.14 14.65 3.17
121.29 14.65 3.24
121.43 14.65 3.36
121.58 14.65 3.51
121.72 14.65 3.69
121.87 14.65 3.90
122.01 14.65 4.13
122.16 14.65 4.36
122.30 14.65 4.58
122.45 14.65 4.77
122.59 14.65 4.93
122.74 14.65 5.04
122.88 14.65 5.12
123.03 14.65 5.15
123.17 14.65 5.16
123.32 14.65 5.14
123.46 14.65 5.11
123.61 14.65 5.07
123.75 14.65 5.03
123.90 14.65 4.99
124.04 14.65 4.96
124.19 14.65 4.94
124.33 14.65 4.94
124.48 14.65 4.95
124.62 14.65 4.97
124.77 14.65 5.01
124.91 14.65 5.06
125.06 14.65 5.12
125.20 14.65 5.19
125.35 14.65 5.25
125.49 14.65 5.30
125.64 14.65 5.32
125.78 14.65 5.29
125.93 14.65 5.20
126.07 14.65 5.06
126.22 14.65 4.91
126.36 14.65 4.78
126.51 14.65 4.68
126.65 14.65 4.60
126.80 14.65 4.54
126.94 14.65 4.48
127.09 14.65 4.42
127.23 14.65 4.37
127.38 14.65 4.30
127.52 14.65 4.24
127.67 14.65 4.17
127.81 14.65 4.10
127.96 14.65 4.03
128.10 14.65 3.97
128.25 14.65 3.91
128.39 14.65 3.85
128.54 14.65 3.80
128.68 14.65 3.75
128.83 14.65 3.70
128.97 14.65 3.66
129.12 14.65 3.62
129.26 14.65 3.58
129.41 14.65 3.53
129.55 14.65 3.48
129.70 14.65 3.43
129.84 14.65 3.38
129.99 14.65 3.33
130.13 14.65 3.29
130.28 14.65 3.25
130.42 14.65 3.21
130.57 14.65 3.19
130.71 14.65 3.17
130.86 14.65 3.16
131.00 14.65 3.16

121.00 14.78 3.37
121.14 14.78 3.44
121.29 14.78 3.54
121.43 14.78 3.67
121.58 14.78 3.84
121.72 14.78 4.04
121.87 14.78 4.26
122.01 14.78 4.49
122.16 14.78 4.72
122.30 14.78 4.94
122.45 14.78 5.12
122.59 14.78 5.26
122.74 14.78 5.35
122.88 14.78 5.40
123.03 14.78 5.41
123.17 14.78 5.39
123.32 14.78 5.34
123.46 14.78 5.28
123.61 14.78 5.20
123.75 14.78 5.13
123.90 14.78 5.07
124.04 14.78 5.01
124.19 14.78 4.96
124.33 14.78 4.93
124.48 14.78 4.91
124.62 14.78 4.90
124.77 14.78 4.89
124.91 14.78 4.89
125.06 14.78 4.89
125.20 14.78 4.88
125.35 14.78 4.84
125.49 14.78 4.77
125.64 14.78 4.66
125.78 14.78 4.49
125.93 14.78 4.31
126.07 14.78 4.15
126.22 14.78 4.06
126.36 14.78 4.04
126.51 14.78 4.08
126.65 14.78 4.13
126.80 14.78 4.18
126.94 14.78 4.21
127.09 14.78 4.22
127.23 14.78 4.21
127.38 14.78 4.18
127.52 14.78 4.15
127.67 14.78 4.10
127.81 14.78 4.05
127.96 14.78 3.99
128.10 14.78 3.94
128.25 14.78 3.89
128.39 14.78 3.84
128.54 14.78 3.79
128.68 14.78 3.75
128.83 14.78 3.72
128.97 14.78 3.68
129.12 14.78 3.65
129.26 14.78 3.62
129.41 14.78 3.58
129.55 14.78 3.54
129.70 14.78 3.50
129.84 14.78 3.45
129.99 14.78 3.41
130.13 14.78 3.36
130.28 14.78 3.32
130.42 14.78 3.29
130.57 14.78 3.26
130.71 14.78 3.24
130.86 14.78 3.23
131.00 14.78 3.22

121.00 14.90 3.61
121.14 14.90 3.70
121.29 14.90 3.82
121.43 14.90 3.98
121.58 14.90 4.16
121.72 14.90 4.38
121.87 14.90 4.61
122.01 14.90 4.85
122.16 14.90 5.08
122.30 14.90 5.29
122.45 14.90 5.46
122.59 14.90 5.59
122.74 14.90 5.67
122.88 14.90 5.69
123.03 14.90 5.68
123.17 14.90 5.62
123.32 14.90 5.54
123.46 14.90 5.45
123.61 14.90 5.35
123.75 14.90 5.24
123.90 14.90 5.15
124.04 14.90 5.06
124.19 14.90 4.98
124.33 14.90 4.92
124.48 14.90 4.87
124.62 14.90 4.82
124.77 14.90 4.78
124.91 14.90 4.73
125.06 14.90 4.67
125.20 14.90 4.58
125.35 14.90 4.46
125.49 14.90 4.29
125.64 14.90 4.06
125.78 14.90 3.80
125.93 14.90 3.54
126.07 14.90 3.36
126.22 14.90 3.32
126.36 14.90 3.40
126.51 14.90 3.55
126.65 14.90 3.71
126.80 14.90 3.85
126.94 14.90 3.95
127.09 14.90 4.02
127.23 14.90 4.06
127.38 14.90 4.07
127.52 14.90 4.06
127.67 14.90 4.03
127.81 14.90 4.00
127.96 14.90 3.95
128.10 14.90 3.91
128.25 14.90 3.86
128.39 14.90 3.82
128.54 14.90 3.79
128.68 14.90 3.75
128.83 14.90 3.73
128.97 14.90 3.70
129.12 14.90 3.68
129.26 14.90 3.65
129.41 14.90 3.62
129.55 14.90 3.59
129.70 14.90 3.55
129.84 14.90 3.51
129.99 14.90 3.47
130.13 14.90 3.43
130.28 14.90 3.39
130.42 14.90 3.36
130.57 14.90 3.33
130.71 14.90 3.31
130.86 14.90 3.29
131.00 14.90 3.28

121.00 15.02 3.84
121.14 15.02 3.95
121.29 15.02 4.10
121.43 15.02 4.27
121.58 15.02 4.47
121.72 15.02 4.69
121.87 15.02 4.94
122.01 15.02 5.18
122.16 15.02 5.42
122.30 15.02 5.63
122.45 15.02 5.80
122.59 15.02 5.92
122.74 15.02 5.98
122.88 15.02 5.99
123.03 15.02 5.94
123.17 15.02 5.86
123.32 15.02 5.75
123.46 15.02 5.63
123.61 15.02 5.49
123.75 15.02 5.35
123.90 15.02 5.23
124.04 15.02 5.11
124.19 15.02 5.01
124.33 15.02 4.91
124.48 15.02 4.83
124.62 15.02 4.75
124.77 15.02 4.67
124.91 15.02 4.58
125.06 15.02 4.47
125.20 15.02 4.32
125.35 15.02 4.14
125.49 15.02 3.89
125.64 15.02 3.59
125.78 15.02 3.26
125.93 15.02 2.96
126.07 15.02 2.78
126.22 15.02 2.76
126.36 15.02 2.90
126.51 15.02 3.12
126.65 15.02 3.36
126.80 15.02 3.57
126.94 15.02 3.73
127.09 15.02 3.85
127.23 15.02 3.92
127.38 15.02 3.96
127.52 15.02 3.98
127.67 15.02 3.97
127.81 15.02 3.95
127.96 15.02 3.92
128.10 15.02 3.88
128.25 15.02 3.84
128.39 15.02 3.81
128.54 15.02 3.78
128.68 15.02 3.75
128.83 15.02 3.73
128.97 15.02 3.71
129.12 15.02 3.70
129.26 15.02 3.68
129.41 15.02 3.65
129.55 15.02 3.63
129.70 15.02 3.60
129.84 15.02 3.56
129.99 15.02 3.52
130.13 15.02 3.49
130.28 15.02 3.45
130.42 15.02 3.42
130.57 15.02 3.39
130.71 15.02 3.36
130.86 15.02 3.34
131.00 15.02 3.33

121.00 15.14 4.06
121.14 15.14 4.19
121.29 15.14 4.35
121.43 15.14 4.53
121.58 15.14 4.75
121.72 15.14 4.99
121.87 15.14 5.24
122.01 15.14 5.49
122.16 15.14 5.73
122.30 15.14 5.95
122.45 15.14 6.11
122.59 15.14 6.22
122.74 15.14 6.28
122.88 15.14 6.27
123.03 15.14 6.20
123.17 15.14 6.10
123.32 15.14 5.96
123.46 15.14 5.80
123.61 15.14 5.63
123.75 15.14 5.47
123.90 15.14 5.31
124.04 15.14 5.16
124.19 15.14 5.03
124.33 15.14 4.91
124.48 15.14 4.80
124.62 15.14 4.69
124.77 15.14 4.58
124.91 15.14 4.45
125.06 15.14 4.30
125.20 15.14 4.11
125.35 15.14 3.88
125.49 15.14 3.59
125.64 15.14 3.25
125.78 15.14 2.90
125.93 15.14 2.59
126.07 15.14 2.42
126.22 15.14 2.42
126.36 15.14 2.58
126.51 15.14 2.83
126.65 15.14 3.10
126.80 15.14 3.35
126.94 15.14 3.55
127.09 15.14 3.70
127.23 15.14 3.81
127.38 15.14 3.87
127.52 15.14 3.91
127.67 15.14 3.91
127.81 15.14 3.90
127.96 15.14 3.88
128.10 15.14 3.86
128.25 15.14 3.82
128.39 15.14 3.80
128.54 15.14 3.77
128.68 15.14 3.75
128.83 15.14 3.73
128.97 15.14 3.72
129.12 15.14 3.71
129.26 15.14 3.70
129.41 15.14 3.68
129.55 15.14 3.66
129.70 15.14 3.63
129.84 15.14 3.60
129.99 15.14 3.57
130.13 15.14 3.53
130.28 15.14 3.50
130.42 15.14 3.47
130.57 15.14 3.44
130.71 15.14 3.41
130.86 15.14 3.39
131.00 15.14 3.38

121.00 15.27 4.26
121.14 15.27 4.40
121.29 15.27 4.57
121.43 15.27 4.77
121.58 15.27 5.00
121.72 15.27 5.25
121.87 15.27 5.51
122.01 15.27 5.77
122.16 15.27 6.01
122.30 15.27 6.22
122.45 15.27 6.39
122.59 15.27 6.50
122.74 15.27 6.55
122.88 15.27 6.52
123.03 15.27 6.44
123.17 15.27 6.31
123.32 15.27 6.15
123.46 15.27 5.96
123.61 15.27 5.77
123.75 15.27 5.58
123.90 15.27 5.39
124.04 15.27 5.22
124.19 15.27 5.06
124.33 15.27 4.91
124.48 15.27 4.78
124.62 15.27 4.64
124.77 15.27 4.50
124.91 15.27 4.35
125.06 15.27 4.17
125.20 15.27 3.95
125.35 15.27 3.70
125.49 15.27 3.39
125.64 15.27 3.05
125.78 15.27 2.70
125.93 15.27 2.42
126.07 15.27 2.26
126.22 15.27 2.26
126.36 15.27 2.42
126.51 15.27 2.67
126.65 15.27 2.94
126.80 15.27 3.20
126.94 15.27 3.42
127.09 15.27 3.59
127.23 15.27 3.72
127.38 15.27 3.80
127.52 15.27 3.85
127.67 15.27 3.87
127.81 15.27 3.87
127.96 15.27 3.85
128.10 15.27 3.83
128.25 15.27 3.81
128.39 15.27 3.78
128.54 15.27 3.76
128.68 15.27 3.75
128.83 15.27 3.73
128.97 15.27 3.73
129.12 15.27 3.72
129.26 15.27 3.71
129.41 15.27 3.70
129.55 15.27 3.68
129.70 15.27 3.66
129.84 15.27 3.63
129.99 15.27 3.60
130.13 15.27 3.57
130.28 15.27 3.54
130.42 15.27 3.51
130.57 15.27 3.48
130.71 15.27 3.46
130.86 15.27 3.43
131.00 15.27 3.42

121.00 15.39 4.43
121.14 15.39 4.59
121.29 15.39 4.77
121.43 15.39 4.98
121.58 15.39 5.22
121.72 15.39 5.47
121.87 15.39 5.73
122.01 15.39 5.99
122.16 15.39 6.24
122.30 15.39 6.46
122.45 15.39 6.63
122.59 15.39 6.73
122.74 15.39 6.77
122.88 15.39 6.74
123.03 15.39 6.65
123.17 15.39 6.51
123.32 15.39 6.32
123.46 15.39 6.11
123.61 15.39 5.89
123.75 15.39 5.68
123.90 15.39 5.47
124.04 15.39 5.27
124.19 15.39 5.09
124.33 15.39 4.92
124.48 15.39 4.76
124.62 15.39 4.61
124.77 15.39 4.44
124.91 15.39 4.27
125.06 15.39 4.07
125.20 15.39 3.84
125.35 15.39 3.58
125.49 15.39 3.28
125.64 15.39 2.95
125.78 15.39 2.64
125.93 15.39 2.39
126.07 15.39 2.25
126.22 15.39 2.25
126.36 15.39 2.39
126.51 15.39 2.62
126.65 15.39 2.87
126.80 15.39 3.13
126.94 15.39 3.34
127.09 15.39 3.52
127.23 15.39 3.65
127.38 15.39 3.74
127.52 15.39 3.80
127.67 15.39 3.83
127.81 15.39 3.84
127.96 15.39 3.83
128.10 15.39 3.81
128.25 15.39 3.79
128.39 15.39 3.77
128.54 15.39 3.76
128.68 15.39 3.74
128.83 15.39 3.73
128.97 15.39 3.73
129.12 15.39 3.73
129.26 15.39 3.72
129.41 15.39 3.71
129.55 15.39 3.70
129.70 15.39 3.68
129.84 15.39 3.66
129.99 15.39 3.63
130.13 15.39 3.60
130.28 15.39 3.57
130.42 15.39 3.54
130.57 15.39 3.52
130.71 15.39 3.49
130.86 15.39 3.47
131.00 15.39 3.45

121.00 15.51 4.59
121.14 15.51 4.76
121.29 15.51 4.94
121.43 15.51 5.16
121.58 15.51 5.39
121.72 15.51 5.65
121.87 15.51 5.91
122.01 15.51 6.18
122.16 15.51 6.42
122.30 15.51 6.64
122.45 15.51 6.81
122.59 15.51 6.91
122.74 15.51 6.95
122.88 15.51 6.92
123.03 15.51 6.82
123.17 15.51 6.66
123.32 15.51 6.46
123.46 15.51 6.24
123.61 15.51 6.00
123.75 15.51 5.76
123.90 15.51 5.54
124.04 15.51 5.32
124.19 15.51 5.12
124.33 15.51 4.93
124.48 15.51 4.76
124.62 15.51 4.58
124.77 15.51 4.41
124.91 15.51 4.22
125.06 15.51 4.01
125.20 15.51 3.78
125.35 15.51 3.52
125.49 15.51 3.24
125.64 15.51 2.95
125.78 15.51 2.67
125.93 15.51 2.46
126.07 15.51 2.34
126.22 15.51 2.34
126.36 15.51 2.46
126.51 15.51 2.65
126.65 15.51 2.87
126.80 15.51 3.10
126.94 15.51 3.30
127.09 15.51 3.47
127.23 15.51 3.60
127.38 15.51 3.70
127.52 15.51 3.76
127.67 15.51 3.80
127.81 15.51 3.81
127.96 15.51 3.81
128.10 15.51 3.80
128.25 15.51 3.78
128.39 15.51 3.77
128.54 15.51 3.75
128.68 15.51 3.74
128.83 15.51 3.73
128.97 15.51 3.73
129.12 15.51 3.73
129.26 15.51 3.73
129.41 15.51 3.72
129.55 15.51 3.71
129.70 15.51 3.69
129.84 15.51 3.68
129.99 15.51 3.65
130.13 15.51 3.63
130.28 15.51 3.60
130.42 15.51 3.57
130.57 15.51 3.55
130.71 15.51 3.53
130.86 15.51 3.51
131.00 15.51 3.49

121.00 15.63 4.73
121.14 15.63 4.90
121.29 15.63 5.09
121.43 15.63 5.30
121.58 15.63 5.54
121.72 15.63 5.79
121.87 15.63 6.05
122.01 15.63 6.31
122.16 15.63 6.55
122.30 15.63 6.76
122.45 15.63 6.93
122.59 15.63 7.03
122.74 15.63 7.07
122.88 15.63 7.04
123.03 15.63 6.93
123.17 15.63 6.77
123.32 15.63 6.56
123.46 15.63 6.33
123.61 15.63 6.08
123.75 15.63 5.83
123.90 15.63 5.59
124.04 15.63 5.36
124.19 15.63 5.15
124.33 15.63 4.95
124.48 15.63 4.76
124.62 15.63 4.57
124.77 15.63 4.38
124.91 15.63 4.19
125.06 15.63 3.98
125.20 15.63 3.76
125.35 15.63 3.51
125.49 15.63 3.26
125.64 15.63 3.00
125.78 15.63 2.76
125.93 15.63 2.58
126.07 15.63 2.49
126.22 15.63 2.49
126.36 15.63 2.57
126.51 15.63 2.73
126.65 15.63 2.92
126.80 15.63 3.12
126.94 15.63 3.30
127.09 15.63 3.46
127.23 15.63 3.58
127.38 15.63 3.67
127.52 15.63 3.74
127.67 15.63 3.77
127.81 15.63 3.79
127.96 15.63 3.80
128.10 15.63 3.79
128.25 15.63 3.77
128.39 15.63 3.76
128.54 15.63 3.75
128.68 15.63 3.74
128.83 15.63 3.73
128.97 15.63 3.73
129.12 15.63 3.73
129.26 15.63 3.73
129.41 15.63 3.72
129.55 15.63 3.72
129.70 15.63 3.70
129.84 15.63 3.69
129.99 15.63 3.67
130.13 15.63 3.65
130.28 15.63 3.62
130.42 15.63 3.60
130.57 15.63 3.58
130.71 15.63 3.55
130.86 15.63 3.53
131.00 15.63 3.52

121.00 15.76 4.84
121.14 15.76 5.01
121.29 15.76 5.20
121.43 15.76 5.42
121.58 15.76 5.65
121.72 15.76 5.89
121.87 15.76 6.14
122.01 15.76 6.39
122.16 15.76 6.63
122.30 15.76 6.83
122.45 15.76 6.99
122.59 15.76 7.09
122.74 15.76 7.13
122.88 15.76 7.09
123.03 15.76 6.99
123.17 15.76 6.83
123.32 15.76 6.62
123.46 15.76 6.39
123.61 15.76 6.13
123.75 15.76 5.88
123.90 15.76 5.63
124.04 15.76 5.39
124.19 15.76 5.17
124.33 15.76 4.96
124.48 15.76 4.76
124.62 15.76 4.57
124.77 15.76 4.38
124.91 15.76 4.18
125.06 15.76 3.98
125.20 15.76 3.76
125.35 15.76 3.54
125.49 15.76 3.31
125.64 15.76 3.08
125.78 15.76 2.89
125.93 15.76 2.74
126.07 15.76 2.66
126.22 15.76 2.65
126.36 15.76 2.72
126.51 15.76 2.84
126.65 15.76 3.00
126.80 15.76 3.16
126.94 15.76 3.32
127.09 15.76 3.46
127.23 15.76 3.57
127.38 15.76 3.66
127.52 15.76 3.72
127.67 15.76 3.76
127.81 15.76 3.78
127.96 15.76 3.78
128.10 15.76 3.78
128.25 15.76 3.77
128.39 15.76 3.76
128.54 15.76 3.74
128.68 15.76 3.74
128.83 15.76 3.73
128.97 15.76 3.73
129.12 15.76 3.73
129.26 15.76 3.73
129.41 15.76 3.73
129.55 15.76 3.72
129.70 15.76 3.71
129.84 15.76 3.70
129.99 15.76 3.68
130.13 15.76 3.66
130.28 15.76 3.64
130.42 15.76 3.62
130.57 15.76 3.60
130.71 15.76 3.58
130.86 15.76 3.56
131.00 15.76 3.54

121.00 15.88 4.94
121.14 15.88 5.11
121.29 15.88 5.29
121.43 15.88 5.50
121.58 15.88 5.72
121.72 15.88 5.96
121.87 15.88 6.20
122.01 15.88 6.43
122.16 15.88 6.66
122.30 15.88 6.85
122.45 15.88 7.00
122.59 15.88 7.10
122.74 15.88 7.13
122.88 15.88 7.10
123.03 15.88 7.00
123.17 15.88 6.84
123.32 15.88 6.64
123.46 15.88 6.41
123.61 15.88 6.16
123.75 15.88 5.90
123.90 15.88 5.65
124.04 15.88 5.41
124.19 15.88 5.19
124.33 15.88 4.97
124.48 15.88 4.77
124.62 15.88 4.57
124.77 15.88 4.38
124.91 15.88 4.19
125.06 15.88 3.99
125.20 15.88 3.79
125.35 15.88 3.58
125.49 15.88 3.38
125.64 15.88 3.19
125.78 15.88 3.02
125.93 15.88 2.90
126.07 15.88 2.83
126.22 15.88 2.82
126.36 15.88 2.87
126.51 15.88 2.97
126.65 15.88 3.09
126.80 15.88 3.23
126.94 15.88 3.36
127.09 15.88 3.48
127.23 15.88 3.58
127.38 15.88 3.66
127.52 15.88 3.71
127.67 15.88 3.75
127.81 15.88 3.77
127.96 15.88 3.78
128.10 15.88 3.77
128.25 15.88 3.77
128.39 15.88 3.75
128.54 15.88 3.74
128.68 15.88 3.74
128.83 15.88 3.73
128.97 15.88 3.73
129.12 15.88 3.73
129.26 15.88 3.73
129.41 15.88 3.73
129.55 15.88 3.72
129.70 15.88 3.71
129.84 15.88 3.70
129.99 15.88 3.69
130.13 15.88 3.67
130.28 15.88 3.65
130.42 15.88 3.63
130.57 15.88 3.62
130.71 15.88 3.60
130.86 15.88 3.58
131.00 15.88 3.57

121.00 16.00 5.01
121.14 16.00 5.18
121.29 16.00 5.36
121.43 16.00 5.56
121.58 16.00 5.77
121.72 16.00 5.99
121.87 16.00 6.22
122.01 16.00 6.44
122.16 16.00 6.64
122.30 16.00 6.82
122.45 16.00 6.96
122.59 16.00 7.05
122.74 16.00 7.08
122.88 16.00 7.05
123.03 16.00 6.96
123.17 16.00 6.81
123.32 16.00 6.62
123.46 16.00 6.39
123.61 16.00 6.15
123.75 16.00 5.90
123.90 16.00 5.66
124.04 16.00 5.42
124.19 16.00 5.19
124.33 16.00 4.98
124.48 16.00 4.78
124.62 16.00 4.58
124.77 16.00 4.39
124.91 16.00 4.20
125.06 16.00 4.02
125.20 16.00 3.83
125.35 16.00 3.64
125.49 16.00 3.47
125.64 16.00 3.30
125.78 16.00 3.16
125.93 16.00 3.06
126.07 16.00 3.00
126.22 16.00 2.99
126.36 16.00 3.02
126.51 16.00 3.09
126.65 16.00 3.19
126.80 16.00 3.30
126.94 16.00 3.41
127.09 16.00 3.51
127.23 16.00 3.59
127.38 16.00 3.66
127.52 16.00 3.71
127.67 16.00 3.75
127.81 16.00 3.77
127.96 16.00 3.77
128.10 16.00 3.77
128.25 16.00 3.76
128.39 16.00 3.75
128.54 16.00 3.75
128.68 16.00 3.74
128.83 16.00 3.73
128.97 16.00 3.73
129.12 16.00 3.73
129.26 16.00 3.73
129.41 16.00 3.73
129.55 16.00 3.72
129.70 16.00 3.72
129.84 16.00 3.71
129.99 16.00 3.69
130.13 16.00 3.68
130.28 16.00 3.66
130.42 16.00 3.65
130.57 16.00 3.63
130.71 16.00 3.61
130.86 16.00 3.60
131.00 16.00 3.58

