seconds foF2(in) foF2(out) hmF2(in) hmF2(out)

2759700 5.150 4.950 247.300 192.800
2760000 4.950 4.950 192.300 207.200
2760300 4.900 4.900 207.200 207.200
2760600 4.625 4.625 218.500 218.500
2760900 4.450 4.450 221.600 218.500
2761200 4.450 4.450 201.100 217.100
2761500 4.400 4.400 217.100 217.100
2761800 4.325 4.325 220.200 220.200
2762100 4.213 4.250 224.500 224.500
2762400 4.250 4.213 256.600 224.500
2762700 4.150 4.250 216.800 244.500
2763000 4.450 4.225 244.500 216.800
2763300 4.225 4.450 213.700 244.500
2763600 4.550 4.550 263.600 244.000
2763900 4.613 4.613 244.000 261.300
2764200 4.750 4.650 261.300 244.000
2764500 4.650 4.700 231.200 261.300
2764800 4.700 4.700 267.700 245.700
2765400 4.707 4.700 245.700 245.700
2765700 4.600 4.700 239.700 245.700
2766000 4.700 4.600 280.900 260.500
2766300 4.600 4.600 260.500 260.500
2766600 4.400 4.400 255.600 255.600
2766900 4.400 4.400 253.200 255.600
2767200 4.300 4.300 267.300 253.700
2767500 4.300 4.300 253.700 253.700
2767800 4.300 4.300 249.200 249.200
2768100 4.100 4.100 242.500 249.200
2768400 4.000 4.000 269.000 242.500
2768700 3.500 3.500 227.200 227.200
2769000 3.300 3.500 221.400 227.200
2769300 3.600 3.300 252.200 221.400
2769600 3.100 3.100 205.300 244.500
2769900 3.100 3.100 244.500 228.800
2770200 5.300 5.100 228.800 231.500
2770500 5.100 5.300 231.500 229.100
2770800 5.500 5.100 229.100 229.100
2771100 4.500 5.500 215.400 229.100
2771400 6.200 6.200 237.000 237.000
2771700 6.300 6.200 327.900 237.000
2772000 4.100 4.300 219.200 219.200
2772300 4.300 4.300 218.400 219.200
2772600 5.500 5.500 307.700 218.400
2772900 6.100 5.500 217.100 217.100
2773200 5.500 5.500 216.000 216.000
2773500 3.100 3.900 211.100 216.000
2773800 3.900 3.900 296.900 296.900
2774100 3.900 3.900 296.900 296.900
2774400 4.300 4.300 213.600 217.900
2774700 5.800 4.300 217.900 215.500
2775000 4.100 4.100 215.500 217.900
2775300 3.900 4.100 223.500 223.500
2775600 5.100 4.000 224.900 223.500
2775900 4.000 4.900 212.000 224.500
2776200 4.900 4.400 224.500 216.900
2776500 4.400 4.400 216.900 219.000
2776800 3.300 3.300 219.000 219.000
2777100 3.300 3.300 297.200 297.200
2777400 3.300 3.300 297.200 297.200
2777700 3.300 3.300 282.400 282.400
2778000 3.300 3.300 274.900 274.900
2778300 3.300 3.300 274.900 274.900
2778600 3.300 3.300 274.900 274.900
2778900 3.200 3.200 319.700 274.900
2779200 3.200 3.200 269.200 314.300
2779500 3.300 3.300 314.300 314.300
2779800 3.300 3.300 314.300 314.300
2780100 3.200 3.200 421.100 421.100
2780400 3.200 3.200 421.100 421.100
2780700 3.500 3.300 300.500 300.500
2781000 3.300 3.400 287.200 287.200
2781300 3.400 3.400 242.300 250.700
2781600 3.600 3.400 250.700 244.700
2781900 3.400 3.400 244.700 249.000
2782200 3.400 3.400 249.000 249.000
2782500 3.700 3.700 284.300 276.300
2782800 3.700 3.700 276.300 276.300
2783100 3.700 3.700 273.900 276.300
2783400 4.000 3.700 317.000 273.900
2783700 3.700 3.800 264.100 273.900
2784000 3.800 3.800 273.900 273.900
2784300 3.800 3.800 294.300 282.200
2784600 3.900 3.900 282.200 282.200
2784900 3.900 3.900 282.200 282.200
2785200 3.900 3.900 293.000 293.000
2785500 4.000 3.900 301.100 293.000
2785800 3.800 3.900 270.100 297.300
2786100 3.900 3.800 297.300 278.400
2786400 3.700 3.900 278.400 297.300
2786700 3.900 3.900 300.300 300.300
2787000 4.000 4.000 304.900 304.900
2787300 4.200 4.000 333.600 304.900
2787600 4.000 4.100 288.600 299.700
2787900 4.100 4.000 299.700 295.900
2788200 4.000 4.100 295.900 299.700
2788500 4.100 4.000 301.000 295.900
2788800 3.800 4.000 290.300 290.300
2789100 4.000 3.800 288.700 290.300
2789400 3.000 4.000 463.100 288.700
2789700 4.100 4.100 287.400 303.400
2790000 4.100 4.100 303.400 296.600
2790300 4.100 4.100 296.600 296.600
2790600 4.200 4.100 268.100 292.500
2790900 4.000 4.100 292.500 292.500
2791200 4.100 4.000 303.700 294.800
2791500 4.000 4.000 294.800 303.700
2791800 4.000 4.000 310.900 301.900
2792100 4.100 4.100 301.900 310.900
2792400 4.400 4.100 360.200 313.100
2792700 4.100 4.300 313.100 334.700
2793000 4.300 4.200 334.700 313.100
2793300 4.200 4.200 288.100 288.100
2793600 4.000 4.000 284.200 284.200
2793900 3.900 4.000 275.000 284.200
2794200 4.100 4.000 296.100 275.000
2794500 4.000 4.100 265.800 296.100
2794800 4.400 4.400 302.600 290.200
2795100 4.500 4.400 290.200 290.200
2795400 4.200 4.400 264.100 271.400
2795700 4.400 4.400 271.400 265.400
2796000 4.500 4.500 265.400 269.400
2796300 4.500 4.500 269.400 269.400
2796600 4.600 4.500 270.200 269.400
2796900 4.300 4.500 253.100 265.300
2797200 4.500 4.500 265.300 260.500
2797500 4.500 4.500 260.500 265.300
2797800 4.500 4.500 279.400 267.400
2798100 4.500 4.500 267.400 268.000
2798400 4.400 4.500 268.000 268.000
2798700 4.500 4.400 282.800 268.000
2799000 4.400 4.400 261.400 276.600
2799300 4.300 4.300 276.600 276.600
2799600 4.300 4.300 284.100 283.700
2799900 4.300 4.300 283.700 283.700
2800200 4.300 4.300 265.900 276.800
2800500 4.400 4.400 276.800 265.900
2800800 4.500 4.500 265.500 272.100
2801100 4.500 4.500 272.100 265.500
2801400 4.400 4.400 258.900 258.900
2801700 4.300 4.400 248.700 258.900
2802000 4.500 4.300 293.900 258.000
2802300 4.300 4.300 258.000 270.500
2802600 4.300 4.300 270.500 270.500
2802900 4.300 4.300 277.000 270.500
2803200 4.200 4.200 257.500 257.500
2803500 4.200 4.200 256.800 257.500
2803800 4.200 4.200 260.100 256.800
2804100 4.100 4.100 252.900 256.100
2804400 4.100 4.100 256.100 256.100
2804700 4.100 4.100 265.300 265.300
2805000 4.100 4.100 268.500 265.300
2805300 3.700 3.700 247.700 258.300
2805600 3.700 3.700 258.300 258.300
2805900 3.700 3.700 265.300 259.800
2806200 3.700 3.700 259.800 264.200
2806500 3.700 3.700 264.200 264.200
2806800 3.700 3.700 267.500 264.200
2807100 3.500 3.700 255.900 267.500
2807400 3.700 3.600 274.600 268.000
2807700 3.600 3.600 268.000 270.000
2808000 3.400 3.400 270.000 268.000
2808300 3.300 3.400 265.400 270.000
2808600 3.400 3.300 286.300 265.400
2808900 3.100 3.400 254.400 286.300
2809200 3.400 3.300 312.600 298.100
2809500 3.300 3.300 298.100 300.200
2809800 3.300 3.300 300.200 298.100
2810100 3.300 3.300 291.300 291.300
2810400 3.300 3.300 290.000 290.000
2810700 2.900 3.100 238.400 279.700
2811000 3.100 3.000 279.700 238.400
2811300 3.000 3.100 236.700 244.400
2811600 3.200 3.200 244.400 236.700
2811900 3.200 3.200 233.000 244.400
2812200 3.700 3.700 250.500 242.500
2812500 3.800 3.800 242.500 250.500
2812800 4.100 4.100 257.900 242.500
2813100 4.150 4.150 229.800 231.300
2813400 4.250 4.250 231.300 231.300
2813700 4.550 4.550 256.100 244.100
2814000 4.613 4.613 244.100 244.100
2814300 4.625 4.625 210.900 220.900
2814600 4.802 4.800 220.900 216.700
2814900 4.800 4.802 216.700 216.700
2815200 4.807 4.807 212.000 212.000
2815500 4.850 4.850 208.300 212.000
2815800 4.925 4.925 226.200 208.300
2816100 4.950 4.950 206.900 219.200
2816400 5.100 5.100 219.200 206.900
2816700 5.200 5.200 205.000 205.000
2817000 5.350 5.300 200.600 200.600
2817300 5.300 5.350 192.300 194.600
2817600 5.350 5.300 194.600 192.300
2817900 5.250 5.250 192.100 193.700
2818200 5.100 5.100 193.700 192.100
2818500 4.950 4.950 186.500 193.700
2818800 4.900 4.950 250.200 199.700
2819100 4.950 4.950 199.700 199.700
2819400 5.150 5.150 199.400 199.400
2819700 5.150 5.150 193.100 199.400
2820000 5.150 5.150 236.400 206.700
2820300 5.150 5.150 206.700 206.700
2820600 5.100 5.150 194.500 200.900
2820900 5.150 5.100 200.900 194.500
2821200 4.925 5.050 189.300 189.300
2821500 5.050 5.050 187.900 189.300
2821800 5.150 5.150 234.600 220.500
2822100 5.150 5.150 220.500 230.100
2822400 4.950 5.150 230.100 220.500
2822700 5.250 5.250 204.300 204.300
2823000 5.250 5.250 196.500 196.500
2823300 4.950 4.950 191.700 196.500
2823600 4.950 4.950 197.600 197.600
2823900 4.950 4.950 211.200 204.100
2824200 4.900 4.900 204.100 204.200
2824500 4.900 4.900 204.200 204.200
2824800 5.350 5.350 217.200 217.200
2825100 5.850 5.350 258.800 217.200
2825400 5.125 5.150 192.300 192.300
2825700 5.150 5.150 190.000 192.300
2826000 5.150 5.150 198.100 192.600
2826300 4.950 4.950 192.600 198.100
2826600 4.950 4.950 203.100 203.100
2826900 4.850 4.950 211.700 211.500
2827200 5.025 5.025 211.500 211.500
2827500 5.125 5.050 200.100 200.100
2827800 5.050 5.050 198.600 199.000
2828100 4.950 4.975 199.000 199.000
2828400 4.975 4.950 203.600 199.000
2828700 4.913 4.975 198.900 203.600
2829000 5.150 5.150 216.500 202.600
2829300 5.150 5.150 202.600 216.500
2829600 5.200 5.200 218.200 218.200
2829900 5.750 5.250 232.000 218.200
2830200 5.250 5.350 195.600 228.100
2830500 5.350 5.250 228.100 195.600
2830800 5.125 5.125 192.600 192.600
2831100 4.925 4.925 186.600 188.100
2831400 4.700 4.700 188.100 188.100
2831700 4.675 4.700 200.200 200.200
2832000 5.250 5.250 252.700 245.100
2832300 5.400 5.400 245.100 245.100
2832600 5.700 5.550 231.600 231.600
2832900 5.550 5.600 205.500 207.700
2833200 5.600 5.550 207.700 207.700
2833500 5.550 5.600 221.300 220.900
2833800 5.750 5.550 220.900 220.900
2834100 5.450 5.450 206.800 206.800
2834400 5.150 5.150 205.900 206.800
2834700 4.800 5.150 227.500 227.500
2835000 5.650 5.650 229.000 227.500
2835300 5.650 5.650 224.700 224.700
2835600 5.600 5.650 212.700 224.700
2835900 5.750 5.600 229.100 223.000
2836200 5.550 5.550 223.000 223.000
2836500 5.550 5.550 222.500 223.000
2836800 5.650 5.600 236.600 228.200
2837100 5.600 5.650 228.200 233.500
2837400 6.150 5.950 233.500 228.200
2837700 5.950 5.950 220.000 225.600
2838000 5.825 5.825 225.600 220.000
2838300 5.750 5.750 217.400 217.400
2838600 5.650 5.750 202.500 217.400
2838900 5.950 5.650 258.800 213.100
2839200 5.550 5.550 213.100 248.300
2839500 5.550 5.550 248.300 247.900
2839800 5.550 5.550 247.900 247.900
2840100 5.650 5.650 233.800 247.900
2840400 5.950 5.950 255.600 243.100
2840700 6.050 6.050 243.100 243.100
2841000 6.050 6.050 221.500 221.500
2841300 6.000 6.050 211.100 221.500
2841600 6.050 6.050 222.400 211.100
2841900 6.100 6.050 194.500 203.900
2842200 5.850 5.900 203.900 203.900
2842500 5.900 5.850 253.000 205.300
2842800 5.850 5.850 205.300 205.300
2843100 5.800 5.850 203.400 205.300
2843400 5.850 5.800 256.500 203.400
2843700 5.550 5.550 193.200 211.200
2844000 5.200 5.200 211.200 203.700
2844300 5.150 5.150 203.700 203.700
2844600 5.100 5.150 199.700 203.700
2844900 5.500 5.250 238.100 202.300
2845200 5.250 5.250 202.300 202.300
2845500 4.850 5.000 183.400 198.900
2845800 5.000 4.850 198.900 198.900
2846100 4.850 4.850 214.500 214.500
2846400 4.700 4.700 215.500 215.500
2846700 4.700 4.700 367.100 229.400
2847000 4.850 4.700 229.400 229.400
2847300 4.550 4.850 208.800 229.400
2847600 4.950 4.950 238.500 238.500
2847900 5.150 5.125 257.500 257.500
2848200 5.125 5.125 261.500 257.500
2848500 4.950 5.125 216.400 234.500
2848800 5.350 5.350 234.500 234.500
2849100 5.350 5.350 237.700 234.500
2849400 5.300 5.350 227.300 228.100
2849700 5.400 5.300 228.100 227.300
2850000 5.300 5.300 221.800 228.100
2850300 5.300 5.300 230.700 230.700
2850600 5.512 5.350 259.700 243.100
2850900 5.350 5.450 243.100 248.100
2851200 5.450 5.450 248.100 247.900
2851500 5.600 5.600 247.900 247.900
2851800 5.750 5.750 242.000 242.000
2852100 5.900 5.900 240.000 240.600
2852400 6.000 6.000 240.600 240.600
2852700 6.200 6.000 272.800 240.600
2853000 6.000 6.200 229.100 272.800
2853300 6.200 6.000 280.200 229.100
2853600 5.700 5.700 223.100 233.500
2853900 5.600 5.600 233.500 233.500
2854200 5.400 5.400 259.500 233.500
2854500 5.100 5.100 224.400 253.900
2854800 4.900 4.900 253.900 253.900
2855100 4.700 4.700 266.100 258.100
2855400 4.400 4.500 258.100 266.100
2855700 4.500 4.400 266.200 266.200
2856000 4.200 4.200 267.100 266.200
2856300 3.900 3.900 230.100 247.900
2864100 2.400 2.400 247.900 247.900
2864400 2.400 2.400 254.200 247.900
2864700 2.400 2.400 243.000 254.200
2865000 2.600 2.600 275.900 275.900
2865300 2.600 2.600 278.300 278.300
2865600 2.600 2.600 278.300 278.300
2865900 2.700 2.600 315.000 278.300
2866200 2.400 2.400 255.400 315.000
2866500 2.400 2.400 454.200 271.900
2866800 2.600 2.600 271.900 320.600
2867100 2.800 2.700 320.600 280.800
2867400 2.700 2.700 280.800 310.300
2867700 2.700 2.700 310.300 280.800
2868000 2.700 2.700 277.700 277.700
2868300 2.700 2.700 272.700 277.700
2868600 2.700 2.700 284.500 284.500
2868900 2.800 2.800 290.000 284.500
2869200 2.800 2.800 274.000 274.000
2869500 2.900 2.900 259.400 274.000
2869800 2.900 2.900 276.500 276.500
2870100 3.000 2.900 313.800 276.500
2870400 2.900 2.900 248.700 256.400
2870700 2.800 2.900 256.400 256.400
2871000 2.900 2.800 275.500 271.300
2871300 2.800 2.900 271.300 275.500
2871600 2.900 2.800 290.600 272.400
2871900 2.800 2.800 272.400 290.600
2872200 2.800 2.800 292.700 286.200
2872500 2.700 2.700 286.200 292.700
2872800 2.400 2.700 469.300 290.900
2873100 2.700 2.700 290.900 296.200
2873400 2.800 2.800 296.200 296.200
2873700 2.900 2.900 305.100 296.200
2874000 2.900 2.900 280.300 305.100
2874300 3.000 3.000 323.300 300.600
2882100 3.200 3.200 300.600 303.900
2882400 3.300 3.300 303.900 303.900
2882700 3.400 3.300 324.900 303.900
2883000 3.300 3.400 296.500 297.100
2883300 3.400 3.400 297.100 297.100
2883600 3.600 3.400 313.100 297.100
2883900 3.400 3.500 294.600 296.400
2884200 3.500 3.400 296.400 294.600
2884500 3.400 3.400 288.200 288.200
2884800 3.400 3.400 281.000 287.100
2885100 3.500 3.400 287.100 284.700
2885400 3.400 3.400 284.700 287.100
2885700 3.300 3.300 289.600 287.600
2886000 3.300 3.300 287.600 287.600
2886300 3.300 3.300 285.900 287.600
2886600 3.400 3.400 293.600 285.900
2886900 3.500 3.500 268.400 280.200
2887200 3.500 3.500 280.200 272.500
2887500 3.500 3.500 272.500 272.500
2887800 3.700 3.600 272.200 272.200
2888100 3.600 3.600 267.700 267.700
2888400 3.600 3.600 257.700 257.700
2888700 3.700 3.700 254.300 254.300
2889000 3.700 3.700 247.900 247.900
2889300 3.800 3.800 246.100 246.100
2889600 4.000 4.000 245.300 245.300
2889900 4.000 4.000 235.000 235.000
2890200 3.900 3.900 227.700 227.700
2890500 3.900 3.900 221.500 221.500
2890800 3.900 3.900 215.600 221.500
2891100 4.000 3.900 228.100 221.600
2891400 3.900 3.900 221.600 221.600
2891700 3.600 3.600 214.700 215.500
2892000 3.600 3.600 215.500 215.500
2892300 3.500 3.600 238.500 220.500
2900400 4.150 4.150 220.500 220.500
2900700 4.250 4.250 208.800 220.200
2901000 4.406 4.350 220.200 208.800
2901300 4.350 4.406 203.800 218.700
2901600 4.450 4.450 218.700 215.900
2901900 4.500 4.500 215.900 215.900
2902200 4.550 4.550 205.800 214.000
2902500 4.650 4.650 214.000 214.000
2902800 4.650 4.650 217.900 214.000
2903100 4.950 4.950 206.300 208.800
2903400 4.950 4.950 208.800 206.300
2903700 4.950 4.950 200.300 206.300
2904000 4.950 4.950 206.300 202.300
2904300 4.900 4.950 202.300 206.300
2904600 5.150 5.150 214.800 202.300
2904900 5.150 5.150 195.400 195.400
2905200 5.150 5.150 191.400 195.400
2905500 4.950 4.950 236.300 236.300
2905800 4.900 4.950 251.400 236.300
2906100 4.950 4.950 214.700 214.700
2906400 4.950 4.950 195.000 195.000
2906700 5.125 4.950 189.000 189.900
2907000 4.950 4.950 189.900 189.900
2907300 4.950 4.950 207.500 207.500
2907600 4.750 4.750 208.700 207.500
2907900 4.700 4.750 205.200 208.700
2908200 4.975 4.950 241.800 241.800
2908500 4.950 4.950 254.900 241.800
2908800 4.750 4.875 194.100 254.900
2909100 4.875 4.875 269.200 220.200
2909400 4.950 4.950 220.200 220.200
2909700 5.150 5.150 209.600 219.600
2910000 5.250 5.250 219.600 219.600
2910300 5.350 5.350 229.500 229.500
2918100 5.650 5.650 230.700 229.500
2918400 5.650 5.650 208.600 230.700
2918700 5.850 5.650 269.300 212.000
2919000 5.550 5.550 212.000 213.700
2919300 5.525 5.525 213.700 213.700
2919600 5.525 5.525 214.700 213.700
2919900 5.525 5.525 207.800 214.700
2920200 5.350 5.350 225.000 225.000
2920500 5.350 5.350 253.200 250.000
2920800 5.600 5.350 250.000 253.200
2921100 5.350 5.550 254.700 254.300
2921400 5.550 5.550 254.300 254.700
2921700 5.750 5.750 269.600 254.300
2922000 5.850 5.850 235.700 235.700
2922300 6.050 6.050 231.200 233.200
2922600 6.150 6.150 233.200 232.700
2922900 6.350 6.350 232.700 232.700
2923200 6.350 6.350 224.900 232.700
2923500 6.563 6.563 243.100 228.800
2923800 6.750 6.700 228.800 228.800
2924100 6.700 6.700 214.900 214.900
2924400 6.550 6.700 205.300 214.900
2924700 6.700 6.550 221.000 221.000
2925000 6.350 6.350 221.000 221.000
2925300 5.850 5.850 213.300 214.900
2925600 5.650 5.850 214.900 214.900
2925900 6.850 5.650 233.100 233.100
2926200 5.550 5.850 237.000 237.000
2926500 5.850 5.650 259.100 237.000
2926800 5.650 5.750 217.900 222.500
2927100 5.750 5.650 222.500 222.500
2927400 5.650 5.750 223.600 223.600
2927700 5.750 5.750 237.600 223.600
2928000 5.825 5.825 215.400 216.400
2928300 5.850 5.825 216.400 216.400
2936100 5.150 5.150 227.100 218.000
2936400 5.150 5.150 218.000 218.000
2936700 5.200 5.200 215.600 218.000
2937000 5.201 5.201 227.700 227.700
